Warning: [blastx] Examining 5 or more matches is recommended
tig00000002_arrow__	RNaseH_Ogre	49.194	124	63	0	10489	10860	1	124	1.31e-43	145	18114	124
tig00000066_arrow__	RNaseH_Diaspora	34.167	120	76	1	2295	2654	5	121	1.22e-19	75.1	4465	121
tig00000066_arrow__	RNaseH_Diaspora	36.207	58	34	1	1990	1817	67	121	2.12e-11	43.5	4454	121
tig00000066_arrow__	RNaseH_Diaspora	34.167	120	76	1	12042	12401	5	121	6.36e-19	75.1	22409	121
tig00000066_arrow__	RNaseH_Diaspora	34.167	120	76	1	14080	14439	5	121	6.31e-19	75.1	22223	121
tig00000083_arrow__	RNaseH_Ogre	46.774	124	66	0	6612	6983	1	124	1.18e-41	139	8806	124
tig00000090_arrow__	RNaseH_Diaspora	33.333	120	77	1	2029	2388	5	121	4.38e-18	70.9	5375	121
tig00000090_arrow__	RNaseH_Diaspora	33.333	120	77	1	3952	4311	5	121	4.39e-18	70.9	5383	121
tig00000091_arrow__	RNaseH_Diaspora	31.667	120	79	1	2031	2390	5	121	3.66e-18	70.9	5396	121
tig00000091_arrow__	RNaseH_Diaspora	31.667	120	79	1	3951	4310	5	121	3.65e-18	70.9	5382	121
tig00000095_arrow__	RNaseH_Ogre	47.899	119	62	0	5745	6101	6	124	4.98e-34	117	14180	124
tig00000113_arrow__	RNaseH_Cyclops-2	67.769	121	38	1	5087	5449	1	120	5.70e-50	162	9630	120
tig00000115_arrow__	RNaseH_Diaspora	30.000	120	81	1	2384	2743	5	121	1.36e-15	63.5	4514	121
tig00000115_arrow__	RNaseH_Diaspora	29.167	120	82	1	2129	1770	5	121	1.32e-16	66.2	4513	121
tig00000115_arrow__	RNaseH_Diaspora	30.000	120	81	1	2383	2742	5	121	2.10e-15	63.5	6876	121
tig00000117_arrow__	RNaseH_Ogre	43.750	64	36	0	3578	3769	24	87	1.20e-20	58.9	5306	124
tig00000131_arrow__	RNaseH_Ogre	49.587	121	61	0	10943	11305	4	124	8.59e-41	137	18991	124
tig00000215_arrow__	RNaseH_Diaspora	29.167	120	82	1	6333	6692	5	121	1.09e-14	61.6	8433	121
tig00000253_arrow__	RNaseH_Diaspora	35.000	120	75	1	8323	8682	5	121	9.64e-21	79.3	12532	121
tig00000253_arrow__	RNaseH_Diaspora	35.000	120	75	1	13413	13772	5	121	1.76e-20	79.3	22760	121
tig00000253_arrow__	RNaseH_Diaspora	35.000	120	75	1	13049	13408	5	121	1.33e-20	79.3	17258	121
tig00000253_arrow__	RNaseH_Diaspora	35.000	120	75	1	8080	8439	5	121	1.35e-20	79.3	17427	121
tig00000253_arrow__	RNaseH_Diaspora	35.000	120	75	1	13025	13384	5	121	2.36e-20	79.3	30329	121
tig00000253_arrow__	RNaseH_Diaspora	35.000	120	75	1	8057	8416	5	121	1.97e-20	79.3	25361	121
tig00000289_arrow__	RNaseH_Ogre	47.934	121	63	0	11057	11419	4	124	4.24e-38	129	18177	124
tig00000294_arrow__	RNaseH_Ogre	47.059	119	63	0	9498	9142	6	124	4.84e-30	105	11107	124
tig00000294_arrow__	RNaseH_Ogre	47.059	119	63	0	1617	1973	6	124	1.71e-35	121	11088	124
tig00000494_arrow__	RNaseH_Ogre	47.899	119	62	0	9067	9423	6	124	1.59e-35	122	16398	124
tig00000505_arrow__	RNaseH_Athila4-1	71.910	89	24	1	4809	5075	1	88	3.10e-45	127	15454	120
tig00000508_arrow__	RNaseH_Ogre	48.760	121	62	0	10936	11298	4	124	8.74e-40	134	19219	124
tig00000508_arrow__	RNaseH_Ogre	48.760	121	62	0	13336	13698	4	124	1.17e-39	134	25572	124
tig00000558_arrow__	RNaseH_Calypso5-1	35.088	114	69	2	11183	11521	8	117	1.33e-12	56.6	17611	120
tig00000558_arrow__	RNaseH_Calypso5-1	35.088	114	69	2	13613	13951	8	117	1.74e-12	56.6	23010	120
tig00000558_arrow__	RNaseH_Calypso5-1	35.088	114	69	2	6701	7039	8	117	1.10e-12	56.6	14624	120
tig00000558_arrow__	RNaseH_Calypso5-1	35.088	114	69	2	13356	13694	8	117	1.31e-12	56.6	17333	120
tig00000558_arrow__	RNaseH_Calypso5-1	35.088	114	69	2	11169	11507	8	117	1.79e-12	56.6	23622	120
tig00000616_arrow__	RNaseH_Ogre	47.107	121	62	2	12972	13331	5	124	6.37e-34	117	20678	124
tig00000616_arrow__	RNaseH_Ogre	47.107	121	62	2	18342	18701	5	124	7.92e-34	117	25666	124
tig00000616_arrow__	RNaseH_Ogre	47.107	121	62	2	18523	18882	5	124	7.98e-34	117	25847	124
tig00000616_arrow__	RNaseH_Ogre	47.107	121	62	2	18693	19052	5	124	8.03e-34	117	26016	124
tig00000616_arrow__	RNaseH_Ogre	47.107	121	62	2	17623	17982	5	124	7.70e-34	117	24947	124
tig00000616_arrow__	RNaseH_Ogre	47.107	121	62	2	17985	18344	5	124	7.81e-34	117	25307	124
tig00000616_arrow__	RNaseH_Ogre	47.107	121	62	2	18160	18519	5	124	7.86e-34	117	25484	124
tig00000616_arrow__	RNaseH_Ogre	47.107	121	62	2	17802	18161	5	124	7.75e-34	117	25124	124
tig00000616_arrow__	RNaseH_Ogre	47.107	121	62	2	17445	17804	5	124	7.64e-34	117	24769	124
tig00000616_arrow__	RNaseH_Ogre	47.107	121	62	2	17092	17451	5	124	7.53e-34	117	24415	124
tig00000616_arrow__	RNaseH_Ogre	47.107	121	62	2	16730	17089	5	124	7.42e-34	117	24045	124
tig00000616_arrow__	RNaseH_Ogre	47.107	121	62	2	17265	17624	5	124	7.58e-34	117	24589	124
tig00000616_arrow__	RNaseH_Ogre	47.107	121	62	2	18745	19104	5	124	8.05e-34	117	26069	124
tig00000616_arrow__	RNaseH_Ogre	47.107	121	62	2	16198	16557	5	124	7.25e-34	117	23520	124
tig00000616_arrow__	RNaseH_Ogre	47.107	121	62	2	16372	16731	5	124	7.31e-34	117	23694	124
tig00000616_arrow__	RNaseH_Ogre	47.107	121	62	2	13155	13514	5	124	6.31e-34	117	20479	124
tig00000616_arrow__	RNaseH_Ogre	47.107	121	62	2	13512	13871	5	124	6.42e-34	117	20836	124
tig00000616_arrow__	RNaseH_Ogre	47.107	121	62	2	16908	17267	5	124	7.47e-34	117	24232	124
tig00000616_arrow__	RNaseH_Ogre	47.107	121	62	2	16020	16379	5	124	7.20e-34	117	23342	124
tig00000616_arrow__	RNaseH_Ogre	47.107	121	62	2	13329	13688	5	124	6.36e-34	117	20653	124
tig00000616_arrow__	RNaseH_Ogre	47.107	121	62	2	14224	14583	5	124	6.64e-34	117	21548	124
tig00000616_arrow__	RNaseH_Ogre	47.107	121	62	2	15661	16020	5	124	7.09e-34	117	22985	124
tig00000616_arrow__	RNaseH_Ogre	47.107	121	62	2	13692	14051	5	124	6.47e-34	117	21016	124
tig00000616_arrow__	RNaseH_Ogre	47.107	121	62	2	16556	16915	5	124	7.36e-34	117	23880	124
tig00000616_arrow__	RNaseH_Ogre	47.107	121	62	2	14583	14942	5	124	6.75e-34	117	21907	124
tig00000616_arrow__	RNaseH_Ogre	47.107	121	62	2	14946	15305	5	124	6.86e-34	117	22267	124
tig00000616_arrow__	RNaseH_Ogre	47.107	121	62	2	15478	15837	5	124	7.03e-34	117	22801	124
tig00000616_arrow__	RNaseH_Ogre	47.107	121	62	2	13866	14225	5	124	6.53e-34	117	21190	124
tig00000616_arrow__	RNaseH_Ogre	47.107	121	62	2	15298	15657	5	124	6.97e-34	117	22622	124
tig00000616_arrow__	RNaseH_Ogre	47.107	121	62	2	14766	15125	5	124	6.81e-34	117	22090	124
tig00000616_arrow__	RNaseH_Ogre	47.107	121	62	2	12796	13155	5	124	6.15e-34	117	19978	124
tig00000616_arrow__	RNaseH_Ogre	47.107	121	62	2	14051	14410	5	124	6.59e-34	117	21375	124
tig00000616_arrow__	RNaseH_Ogre	47.107	121	62	2	14403	14762	5	124	6.69e-34	117	21725	124
tig00000616_arrow__	RNaseH_Ogre	47.107	121	62	2	18744	19103	5	124	8.04e-34	117	26068	124
tig00000616_arrow__	RNaseH_Ogre	47.107	121	62	2	15120	15479	5	124	6.92e-34	117	22444	124
tig00000616_arrow__	RNaseH_Ogre	47.107	121	62	2	15841	16200	5	124	7.14e-34	117	23165	124
tig00000616_arrow__	RNaseH_Ogre	47.107	121	62	2	18742	19101	5	124	8.04e-34	117	26066	124
tig00000616_arrow__	RNaseH_Ogre	47.107	121	62	2	12614	12973	5	124	6.03e-34	117	19593	124
tig00000616_arrow__	RNaseH_Ogre	47.107	121	62	2	18742	19101	5	124	8.04e-34	117	26064	124
tig00000616_arrow__	RNaseH_Ogre	47.107	121	62	2	12439	12798	5	124	5.92e-34	117	19246	124
tig00000616_arrow__	RNaseH_Ogre	47.107	121	62	2	12260	12619	5	124	5.81e-34	117	18889	124
tig00000616_arrow__	RNaseH_Ogre	47.107	121	62	2	12080	12439	5	124	5.70e-34	117	18522	124
tig00000616_arrow__	RNaseH_Ogre	47.107	121	62	2	11902	12261	5	124	5.59e-34	117	18173	124
tig00000616_arrow__	RNaseH_Ogre	47.107	121	62	2	11723	12082	5	124	5.48e-34	117	17815	124
tig00000616_arrow__	RNaseH_Ogre	47.107	121	62	2	11544	11903	5	124	5.37e-34	117	17459	124
tig00000616_arrow__	RNaseH_Ogre	47.107	121	62	2	11363	11722	5	124	5.26e-34	117	17097	124
tig00000616_arrow__	RNaseH_Ogre	47.107	121	62	2	11187	11546	5	124	5.15e-34	117	16742	124
tig00000616_arrow__	RNaseH_Ogre	47.107	121	62	2	18742	19101	5	124	8.04e-34	117	26057	124
tig00000616_arrow__	RNaseH_Ogre	47.107	121	62	2	11004	11363	5	124	5.03e-34	117	16380	124
tig00000616_arrow__	RNaseH_Ogre	47.107	121	62	2	10841	11200	5	124	4.93e-34	117	16039	124
tig00000616_arrow__	RNaseH_Ogre	47.107	121	62	2	10667	11026	5	124	4.82e-34	117	15686	124
tig00000616_arrow__	RNaseH_Ogre	47.107	121	62	2	10485	10844	5	124	4.70e-34	117	15325	124
tig00000616_arrow__	RNaseH_Ogre	47.107	121	62	2	10310	10669	5	124	4.59e-34	117	14972	124
tig00000616_arrow__	RNaseH_Ogre	47.107	121	62	2	10131	10490	5	124	4.48e-34	117	14604	124
tig00000616_arrow__	RNaseH_Ogre	47.107	121	62	2	18745	19104	5	124	8.05e-34	117	26067	124
tig00000616_arrow__	RNaseH_Ogre	47.107	121	62	2	9948	10307	5	124	4.37e-34	117	14243	124
tig00000616_arrow__	RNaseH_Ogre	47.107	121	62	2	9768	10127	5	124	4.26e-34	117	13895	124
tig00000616_arrow__	RNaseH_Ogre	47.107	121	62	2	9595	9954	5	124	4.15e-34	117	13543	124
tig00000616_arrow__	RNaseH_Ogre	47.107	121	62	2	9400	9759	5	124	4.03e-34	117	13167	124
tig00000616_arrow__	RNaseH_Ogre	47.107	121	62	2	9231	9590	5	124	3.93e-34	117	12821	124
tig00000616_arrow__	RNaseH_Ogre	47.107	121	62	2	9055	9414	5	124	3.82e-34	117	12467	124
tig00000616_arrow__	RNaseH_Ogre	47.107	121	62	2	8873	9232	5	124	3.70e-34	117	12106	124
tig00000616_arrow__	RNaseH_Ogre	47.107	121	62	2	9925	10284	5	124	5.96e-34	117	19359	124
tig00000616_arrow__	RNaseH_Ogre	47.107	121	62	2	16349	16708	5	124	7.96e-34	117	25784	124
tig00000616_arrow__	RNaseH_Ogre	47.107	121	62	2	18674	19033	5	124	8.68e-34	117	28109	124
tig00000616_arrow__	RNaseH_Ogre	47.107	121	62	2	17422	17781	5	124	8.29e-34	117	26848	124
tig00000616_arrow__	RNaseH_Ogre	47.107	121	62	2	18138	18497	5	124	8.51e-34	117	27573	124
tig00000616_arrow__	RNaseH_Ogre	47.107	121	62	2	16884	17243	5	124	8.12e-34	117	26319	124
tig00000616_arrow__	RNaseH_Ogre	47.107	121	62	2	13307	13666	5	124	7.01e-34	117	22742	124
tig00000616_arrow__	RNaseH_Ogre	47.107	121	62	2	15992	16351	5	124	7.85e-34	117	25427	124
tig00000616_arrow__	RNaseH_Ogre	47.107	121	62	2	16528	16887	5	124	8.01e-34	117	25963	124
tig00000616_arrow__	RNaseH_Ogre	47.107	121	62	2	16707	17066	5	124	8.07e-34	117	26142	124
tig00000616_arrow__	RNaseH_Ogre	47.107	121	62	2	17601	17960	5	124	8.35e-34	117	27036	124
tig00000616_arrow__	RNaseH_Ogre	47.107	121	62	2	13665	14024	5	124	7.12e-34	117	23100	124
tig00000616_arrow__	RNaseH_Ogre	47.107	121	62	2	9030	9389	5	124	5.68e-34	117	18465	124
tig00000616_arrow__	RNaseH_Ogre	47.107	121	62	2	17244	17603	5	124	8.23e-34	117	26679	124
tig00000616_arrow__	RNaseH_Ogre	47.107	121	62	2	17780	18139	5	124	8.40e-34	117	27216	124
tig00000616_arrow__	RNaseH_Ogre	47.107	121	62	2	16170	16529	5	124	7.90e-34	117	25605	124
tig00000616_arrow__	RNaseH_Ogre	47.107	121	62	2	9209	9568	5	124	5.74e-34	117	18644	124
tig00000616_arrow__	RNaseH_Ogre	47.107	121	62	2	17065	17424	5	124	8.18e-34	117	26500	124
tig00000616_arrow__	RNaseH_Ogre	47.107	121	62	2	10810	11169	5	124	6.23e-34	117	20245	124
tig00000616_arrow__	RNaseH_Ogre	47.107	121	62	2	10461	10820	5	124	6.13e-34	117	19896	124
tig00000616_arrow__	RNaseH_Ogre	47.107	121	62	2	8851	9210	5	124	5.61e-34	117	18250	124
tig00000616_arrow__	RNaseH_Ogre	47.107	121	62	2	10283	10642	5	124	6.07e-34	117	19719	124
tig00000616_arrow__	RNaseH_Ogre	47.107	121	62	2	9389	9748	5	124	5.79e-34	117	18824	124
tig00000616_arrow__	RNaseH_Ogre	47.107	121	62	2	12770	13129	5	124	6.84e-34	117	22205	124
tig00000616_arrow__	RNaseH_Ogre	47.107	121	62	2	14202	14561	5	124	7.29e-34	117	23637	124
tig00000616_arrow__	RNaseH_Ogre	47.107	121	62	2	17959	18318	5	124	8.46e-34	117	27394	124
tig00000616_arrow__	RNaseH_Ogre	47.107	121	62	2	9568	9927	5	124	5.85e-34	117	19004	124
tig00000616_arrow__	RNaseH_Ogre	47.107	121	62	2	15813	16172	5	124	7.78e-34	117	25214	124
tig00000616_arrow__	RNaseH_Ogre	47.107	121	62	2	8698	9057	5	124	3.59e-34	117	11752	124
tig00000616_arrow__	RNaseH_Ogre	47.107	121	62	2	13837	14196	5	124	7.18e-34	117	23269	124
tig00000616_arrow__	RNaseH_Ogre	47.107	121	62	2	15455	15814	5	124	7.68e-34	117	24890	124
tig00000616_arrow__	RNaseH_Ogre	47.107	121	62	2	13128	13487	5	124	6.95e-34	117	22560	124
tig00000616_arrow__	RNaseH_Ogre	47.107	121	62	2	12054	12413	5	124	6.62e-34	117	21486	124
tig00000616_arrow__	RNaseH_Ogre	47.107	121	62	2	14918	15277	5	124	7.51e-34	117	24353	124
tig00000616_arrow__	RNaseH_Ogre	47.107	121	62	2	10641	11000	5	124	6.18e-34	117	20075	124
tig00000616_arrow__	RNaseH_Ogre	47.107	121	62	2	12949	13308	5	124	6.90e-34	117	22385	124
tig00000616_arrow__	RNaseH_Ogre	47.107	121	62	2	12591	12950	5	124	6.78e-34	117	21992	124
tig00000616_arrow__	RNaseH_Ogre	47.107	121	62	2	18316	18675	5	124	8.57e-34	117	27751	124
tig00000616_arrow__	RNaseH_Ogre	47.107	121	62	2	14739	15098	5	124	7.46e-34	117	24173	124
tig00000616_arrow__	RNaseH_Ogre	47.107	121	62	2	15276	15635	5	124	7.61e-34	117	24674	124
tig00000616_arrow__	RNaseH_Ogre	47.107	121	62	2	18494	18853	5	124	8.61e-34	117	27895	124
tig00000616_arrow__	RNaseH_Ogre	47.107	121	62	2	14381	14740	5	124	7.34e-34	117	23816	124
tig00000616_arrow__	RNaseH_Ogre	47.107	121	62	2	10980	11339	5	124	6.29e-34	117	20415	124
tig00000616_arrow__	RNaseH_Ogre	47.107	121	62	2	15097	15456	5	124	7.57e-34	117	24532	124
tig00000616_arrow__	RNaseH_Ogre	47.107	121	62	2	15634	15993	5	124	7.73e-34	117	25059	124
tig00000616_arrow__	RNaseH_Ogre	47.107	121	62	2	14023	14382	5	124	7.23e-34	117	23458	124
tig00000616_arrow__	RNaseH_Ogre	47.107	121	62	2	9746	10105	5	124	5.90e-34	117	19181	124
tig00000616_arrow__	RNaseH_Ogre	47.107	121	62	2	10104	10463	5	124	6.01e-34	117	19539	124
tig00000616_arrow__	RNaseH_Ogre	47.107	121	62	2	12233	12592	5	124	6.68e-34	117	21668	124
tig00000616_arrow__	RNaseH_Ogre	47.107	121	62	2	14560	14919	5	124	7.40e-34	117	23995	124
tig00000616_arrow__	RNaseH_Ogre	47.107	121	62	2	8672	9031	5	124	5.51e-34	117	17900	124
tig00000616_arrow__	RNaseH_Ogre	47.107	121	62	2	11696	12055	5	124	6.51e-34	117	21131	124
tig00000616_arrow__	RNaseH_Ogre	47.107	121	62	2	11875	12234	5	124	6.56e-34	117	21276	124
tig00000616_arrow__	RNaseH_Ogre	47.107	121	62	2	11161	11520	5	124	6.34e-34	117	20596	124
tig00000616_arrow__	RNaseH_Ogre	47.107	121	62	2	8520	8879	5	124	3.48e-34	117	11387	124
tig00000616_arrow__	RNaseH_Ogre	47.107	121	62	2	11340	11699	5	124	6.40e-34	117	20775	124
tig00000616_arrow__	RNaseH_Ogre	47.107	121	62	2	8491	8850	5	124	5.40e-34	117	17545	124
tig00000616_arrow__	RNaseH_Ogre	47.107	121	62	2	18716	19075	5	124	8.69e-34	117	28151	124
tig00000616_arrow__	RNaseH_Ogre	47.107	121	62	2	8341	8700	5	124	3.37e-34	117	11037	124
tig00000616_arrow__	RNaseH_Ogre	47.107	121	62	2	8314	8673	5	124	5.28e-34	117	17175	124
tig00000616_arrow__	RNaseH_Ogre	47.107	121	62	2	8161	8520	5	124	3.26e-34	117	10678	124
tig00000616_arrow__	RNaseH_Ogre	47.107	121	62	2	7983	8342	5	124	3.15e-34	117	10312	124
tig00000616_arrow__	RNaseH_Ogre	47.107	121	62	2	8135	8494	5	124	5.17e-34	117	16826	124
tig00000616_arrow__	RNaseH_Ogre	47.107	121	62	2	7955	8314	5	124	5.06e-34	117	16467	124
tig00000616_arrow__	RNaseH_Ogre	47.107	121	62	2	7800	8159	5	124	3.04e-34	117	9959	124
tig00000616_arrow__	RNaseH_Ogre	47.107	121	62	2	18731	19090	5	124	8.69e-34	117	28132	124
tig00000616_arrow__	RNaseH_Ogre	47.107	121	62	2	7776	8135	5	124	4.95e-34	117	16114	124
tig00000634_arrow__	RNaseH_Ogre	44.715	123	68	0	12469	12837	2	124	4.76e-37	126	18953	124
tig00000634_arrow__	RNaseH_Ogre	44.715	123	68	0	10965	11333	2	124	4.73e-37	126	18824	124
tig00000638_arrow__	RNaseH_Diaspora	31.624	117	77	2	6661	7011	8	121	4.18e-14	60.8	17695	121
tig00000638_arrow__	RNaseH_Diaspora	31.624	117	77	2	7930	8280	8	121	4.04e-14	60.8	17110	121
tig00000643_arrow__	RNaseH_Ogre	45.161	124	68	0	9099	9470	1	124	9.61e-39	131	17313	124
tig00000644_arrow__	RNaseH_Ogre	44.715	123	68	0	9390	9758	2	124	1.34e-31	110	18137	124
tig00000696_arrow__	RNaseH_Ogre	49.593	123	60	2	12149	12514	3	124	3.36e-39	132	20324	124
tig00000731_arrow__	RNaseH_Diaspora	31.897	116	76	1	7793	8140	5	117	4.16e-17	68.9	9914	121
tig00000731_arrow__	RNaseH_Diaspora	33.333	120	77	1	2117	1758	5	121	5.87e-19	73.9	9907	121
tig00000731_arrow__	RNaseH_Diaspora	31.897	116	76	1	7793	8140	5	117	4.16e-17	68.9	9917	121
tig00000731_arrow__	RNaseH_Diaspora	30.172	116	78	1	5030	5377	5	117	7.39e-14	58.9	7142	121
tig00000731_arrow__	RNaseH_Diaspora	33.333	120	77	1	2117	1758	5	121	4.20e-19	73.9	7146	121
tig00000768_arrow__	RNaseH_Ogre	47.107	121	64	0	10437	10799	4	124	5.21e-39	132	17645	124
tig00000787_arrow__	RNaseH_Diaspora	67.500	120	39	0	4868	5227	2	121	8.44e-56	179	10722	121
tig00000787_arrow__	RNaseH_Diaspora	67.500	120	39	0	3640	3999	2	121	5.74e-56	179	7343	121
tig00000787_arrow__	RNaseH_Diaspora	67.500	120	39	0	4868	5227	2	121	5.74e-56	179	7342	121
tig00000794_arrow__	RNaseH_Ogre	50.000	124	62	0	10157	10528	1	124	2.30e-44	147	17424	124
tig00000818_arrow__	RNaseH_Diaspora	34.848	66	40	1	3	200	59	121	6.53e-11	49.7	3829	121
tig00000818_arrow__	RNaseH_Diaspora	32.500	120	78	1	8191	8550	5	121	1.53e-18	73.2	12189	121
tig00000818_arrow__	RNaseH_Diaspora	32.500	120	78	1	9251	9610	5	121	1.53e-18	73.2	12192	121
tig00000818_arrow__	RNaseH_Diaspora	32.500	120	78	1	8192	8551	5	121	1.29e-18	73.2	10282	121
tig00000818_arrow__	RNaseH_Diaspora	32.500	120	78	1	9275	9634	5	121	1.29e-18	73.2	10294	121
tig00000856_arrow__	RNaseH_Diaspora	31.667	120	79	1	10638	10997	5	121	2.59e-18	73.2	19744	121
tig00000856_arrow__	RNaseH_Diaspora	31.667	120	79	1	13695	14054	5	121	2.22e-18	73.2	16932	121
tig00000886_arrow__	RNaseH_Ogre	48.739	119	61	0	10596	10952	6	124	1.73e-38	130	22364	124
tig00000894_arrow__	RNaseH_Diaspora	30.833	120	80	1	4308	4667	5	121	2.84e-18	71.6	6379	121
tig00000955_arrow__	RNaseH_Diaspora	30.833	120	80	1	13187	13546	5	121	1.32e-14	62.8	22127	121
tig00001010_arrow__	RNaseH_Ogre	50.000	124	62	0	10304	10675	1	124	5.43e-44	146	17491	124
tig00001014_arrow__	RNaseH_Diaspora	65.833	120	41	0	4654	5013	2	121	4.89e-53	171	9227	121
tig00001092_arrow__	RNaseH_Ogre	44.737	76	42	0	10415	10642	49	124	4.14e-27	84.7	18116	124
tig00001126_arrow__	RNaseH_Diaspora	34.328	67	41	1	14048	14248	58	121	3.62e-12	43.9	31433	121
tig00001126_arrow__	RNaseH_Athila4-1	44.898	49	27	0	18637	18783	5	53	3.55e-11	39.3	27536	120
tig00001126_arrow__	RNaseH_Athila4-1	44.898	49	27	0	14971	15117	5	53	3.34e-11	39.3	25906	120
tig00001132_arrow__	RNaseH_Ogre	43.548	124	68	1	2614	2979	1	124	1.04e-34	120	20406	124
tig00001153_arrow__	RNaseH_Ogre	46.154	117	63	0	12011	12361	8	124	1.66e-35	122	20718	124
tig00001155_arrow__	RNaseH_Diaspora	32.500	120	78	1	7200	7559	5	121	3.25e-17	68.9	9318	121
tig00001169_arrow__	RNaseH_Ogre	44.444	90	50	0	11373	11642	1	90	1.14e-28	86.7	18392	124
tig00001169_arrow__	RNaseH_Ogre	44.444	90	50	0	9118	9387	1	90	1.08e-28	86.7	17215	124
tig00001208_arrow__	RNaseH_Diaspora	35.000	120	75	1	722	1081	5	121	3.59e-21	79.7	5404	121
tig00001208_arrow__	RNaseH_Diaspora	35.000	120	75	1	3380	3739	5	121	3.59e-21	79.7	5405	121
tig00001280_arrow__	RNaseH_Ogre	45.161	124	68	0	10534	10905	1	124	9.77e-38	128	17495	124
tig00001357_arrow__	RNaseH_Ogre	44.915	118	65	0	11001	11354	7	124	3.98e-33	115	21874	124
tig00001357_arrow__	RNaseH_Ogre	44.915	118	65	0	12068	12421	7	124	3.83e-33	115	21045	124
tig00001400_arrow__	RNaseH_Ogre	44.715	123	68	0	13076	13444	2	124	1.71e-34	119	20553	124
tig00001400_arrow__	RNaseH_Ogre	44.715	123	68	0	10909	11277	2	124	2.20e-34	119	26401	124
tig00001400_arrow__	RNaseH_Ogre	44.715	123	68	0	13076	13444	2	124	2.20e-34	119	26418	124
tig00001400_arrow__	RNaseH_Ogre	44.715	123	68	0	9551	9919	2	124	1.90e-34	119	22860	124
tig00001400_arrow__	RNaseH_Ogre	44.715	123	68	0	10918	11286	2	124	1.90e-34	119	22828	124
tig00001400_arrow__	RNaseH_Ogre	44.715	123	68	0	10918	11286	2	124	1.64e-34	119	19765	124
tig00001400_arrow__	RNaseH_Ogre	44.715	123	68	0	15440	15808	2	124	2.75e-34	119	32980	124
tig00001417_arrow__	RNaseH_Ogre	47.107	121	64	0	10821	11183	4	124	7.03e-38	129	18544	124
tig00001445_arrow__	RNaseH_Ogre	44.304	79	44	0	12812	13048	3	81	3.38e-23	68.9	21265	124
tig00001473_arrow__	RNaseH_Ogre	45.902	122	66	0	13507	13872	3	124	2.61e-35	121	21221	124
tig00001490_arrow__	RNaseH_Ogre	50.407	123	59	2	12003	12368	3	124	1.05e-39	134	19963	124
tig00001553_arrow__	RNaseH_Diaspora	32.000	100	65	2	659	958	5	101	3.71e-12	53.9	4906	121
tig00001558_arrow__	RNaseH_Diaspora	34.167	120	76	1	3791	4150	5	121	1.90e-19	74.3	4321	121
tig00001558_arrow__	RNaseH_Diaspora	34.167	120	76	1	528	169	5	121	1.11e-19	75.1	4312	121
tig00001606_arrow__	RNaseH_Ogre	48.760	121	62	0	9771	10133	4	124	3.01e-40	135	17315	124
tig00001619_arrow__	RNaseH_Diaspora	35.833	120	74	1	12329	12688	5	121	3.06e-20	78.2	14322	121
tig00001677_arrow__	RNaseH_Diaspora	33.750	80	50	1	5103	5342	45	121	1.93e-12	55.1	7035	121
tig00001677_arrow__	RNaseH_Diaspora	32.773	119	77	1	2048	1692	5	120	3.00e-19	74.3	7029	121
tig00001685_arrow__	RNaseH_Diaspora	32.479	117	76	1	11731	12081	8	121	1.00e-17	71.2	17442	121
tig00001748_arrow__	RNaseH_Ogre	44.068	118	66	0	9187	9540	7	124	8.80e-32	111	17225	124
tig00001764_arrow__	RNaseH_Diaspora	43.396	53	30	0	4547	4389	53	105	8.86e-12	48.1	10368	121
tig00001768_arrow__	RNaseH_Ogre	47.154	123	63	1	6871	7233	2	124	7.44e-36	123	17442	124
tig00001789_arrow__	RNaseH_Ogre	47.967	123	62	2	11268	11633	3	124	3.26e-37	127	19119	124
tig00001990_arrow__	RNaseH_Diaspora	32.727	55	34	1	4093	4257	26	77	6.08e-10	35.8	6118	121
tig00001990_arrow__	RNaseH_Diaspora	32.727	55	34	1	5204	5368	26	77	6.08e-10	35.8	6112	121
tig00002028_arrow__	RNaseH_Ogre	50.000	124	62	0	15051	15422	1	124	1.73e-43	145	32844	124
tig00002028_arrow__	RNaseH_Ogre	50.000	124	62	0	10337	10708	1	124	9.32e-44	145	17790	124
tig00002029_arrow__	RNaseH_Diaspora	35.000	120	75	1	6549	6908	5	121	3.44e-21	80.1	8556	121
tig00002055_arrow__	RNaseH_Diaspora	31.667	120	79	1	1590	1949	5	121	3.05e-16	65.1	3685	121
tig00002055_arrow__	RNaseH_Diaspora	32.500	120	78	1	2117	1758	5	121	3.28e-16	65.1	3706	121
tig00002294_arrow__	RNaseH_Ogre	48.361	122	63	0	10080	10445	3	124	1.13e-41	139	17258	124
tig00002322_arrow__	RNaseH_Ogre	48.780	123	61	2	14493	14858	3	124	2.11e-36	125	32280	124
tig00002322_arrow__	RNaseH_Ogre	48.780	123	61	2	14666	15031	3	124	1.96e-36	125	30057	124
tig00002322_arrow__	RNaseH_Ogre	48.780	123	61	2	16239	16604	3	124	2.06e-36	125	31605	124
tig00002322_arrow__	RNaseH_Ogre	48.780	123	61	2	15557	15922	3	124	2.02e-36	125	30940	124
tig00002322_arrow__	RNaseH_Ogre	48.780	123	61	2	15915	16280	3	124	2.04e-36	125	31315	124
tig00002322_arrow__	RNaseH_Ogre	48.780	123	61	2	15738	16103	3	124	2.03e-36	125	31117	124
tig00002322_arrow__	RNaseH_Ogre	48.780	123	61	2	15202	15567	3	124	2.00e-36	125	30585	124
tig00002322_arrow__	RNaseH_Ogre	48.780	123	61	2	14844	15209	3	124	1.97e-36	125	30228	124
tig00002322_arrow__	RNaseH_Ogre	48.780	123	61	2	15383	15748	3	124	2.01e-36	125	30783	124
tig00002322_arrow__	RNaseH_Ogre	48.780	123	61	2	15023	15388	3	124	1.98e-36	125	30407	124
tig00002322_arrow__	RNaseH_Ogre	48.780	123	61	2	16150	16515	3	124	2.06e-36	125	31517	124
tig00002322_arrow__	RNaseH_Ogre	48.780	123	61	2	7991	8356	3	124	1.51e-36	125	23162	124
tig00002322_arrow__	RNaseH_Ogre	48.780	123	61	2	7991	8356	3	124	1.52e-36	125	23374	124
tig00002322_arrow__	RNaseH_Ogre	48.780	123	61	2	14300	14665	3	124	1.93e-36	125	29545	124
tig00002322_arrow__	RNaseH_Ogre	48.780	123	61	2	7662	8027	3	124	1.46e-36	125	22475	124
tig00002322_arrow__	RNaseH_Ogre	48.780	123	61	2	7991	8356	3	124	1.52e-36	125	23340	124
tig00002322_arrow__	RNaseH_Ogre	48.780	123	61	2	7834	8199	3	124	1.49e-36	125	22826	124
tig00002322_arrow__	RNaseH_Ogre	48.780	123	61	2	16150	16515	3	124	2.06e-36	125	31530	124
tig00002322_arrow__	RNaseH_Ogre	48.780	123	61	2	14129	14494	3	124	1.90e-36	125	29189	124
tig00002322_arrow__	RNaseH_Ogre	48.780	123	61	2	16150	16515	3	124	2.06e-36	125	31533	124
tig00002322_arrow__	RNaseH_Ogre	48.780	123	61	2	16239	16604	3	124	2.06e-36	125	31622	124
tig00002322_arrow__	RNaseH_Ogre	48.780	123	61	2	7991	8356	3	124	1.52e-36	125	23358	124
tig00002322_arrow__	RNaseH_Ogre	48.780	123	61	2	13950	14315	3	124	1.88e-36	125	28837	124
tig00002322_arrow__	RNaseH_Ogre	48.780	123	61	2	7476	7841	3	124	1.44e-36	125	22116	124
tig00002322_arrow__	RNaseH_Ogre	48.780	123	61	2	13771	14136	3	124	1.86e-36	125	28479	124
tig00002322_arrow__	RNaseH_Ogre	48.780	123	61	2	7991	8356	3	124	1.52e-36	125	23372	124
tig00002322_arrow__	RNaseH_Ogre	48.780	123	61	2	13591	13956	3	124	1.83e-36	125	28120	124
tig00002322_arrow__	RNaseH_Ogre	48.780	123	61	2	7297	7662	3	124	1.42e-36	125	21751	124
tig00002322_arrow__	RNaseH_Ogre	48.780	123	61	2	16239	16604	3	124	2.06e-36	125	31606	124
tig00002322_arrow__	RNaseH_Ogre	48.780	123	61	2	7993	8358	3	124	1.52e-36	125	23376	124
tig00002322_arrow__	RNaseH_Ogre	48.780	123	61	2	13419	13784	3	124	1.81e-36	125	27767	124
tig00002322_arrow__	RNaseH_Ogre	48.780	123	61	2	7118	7483	3	124	1.39e-36	125	21393	124
tig00002322_arrow__	RNaseH_Ogre	48.780	123	61	2	7976	8341	3	124	1.52e-36	125	23376	124
tig00002322_arrow__	RNaseH_Ogre	48.780	123	61	2	6939	7304	3	124	1.37e-36	125	21037	124
tig00002322_arrow__	RNaseH_Ogre	48.780	123	61	2	13241	13606	3	124	1.79e-36	125	27412	124
tig00002322_arrow__	RNaseH_Ogre	48.780	123	61	2	7976	8341	3	124	1.52e-36	125	23359	124
tig00002322_arrow__	RNaseH_Ogre	48.780	123	61	2	6766	7131	3	124	1.35e-36	125	20686	124
tig00002322_arrow__	RNaseH_Ogre	48.780	123	61	2	13056	13421	3	124	1.76e-36	125	27050	124
tig00002322_arrow__	RNaseH_Ogre	48.780	123	61	2	7987	8352	3	124	1.52e-36	125	23370	124
tig00002322_arrow__	RNaseH_Ogre	48.780	123	61	2	6581	6946	3	124	1.32e-36	125	20322	124
tig00002322_arrow__	RNaseH_Ogre	48.780	123	61	2	12877	13242	3	124	1.74e-36	125	26690	124
tig00002322_arrow__	RNaseH_Ogre	48.780	123	61	2	6372	6737	3	124	1.30e-36	125	19934	124
tig00002322_arrow__	RNaseH_Ogre	48.780	123	61	2	16150	16515	3	124	2.06e-36	125	31531	124
tig00002322_arrow__	RNaseH_Ogre	48.780	123	61	2	12697	13062	3	124	1.72e-36	125	26333	124
tig00002322_arrow__	RNaseH_Ogre	48.780	123	61	2	6237	6602	3	124	1.28e-36	125	19616	124
tig00002322_arrow__	RNaseH_Ogre	48.780	123	61	2	12525	12890	3	124	1.69e-36	125	25980	124
tig00002322_arrow__	RNaseH_Ogre	48.780	123	61	2	7986	8351	3	124	1.52e-36	125	23353	124
tig00002322_arrow__	RNaseH_Ogre	48.780	123	61	2	6059	6424	3	124	1.25e-36	125	19263	124
tig00002322_arrow__	RNaseH_Ogre	48.780	123	61	2	5880	6245	3	124	1.23e-36	125	18904	124
tig00002322_arrow__	RNaseH_Ogre	48.780	123	61	2	12340	12705	3	124	1.67e-36	125	25618	124
tig00002322_arrow__	RNaseH_Ogre	48.780	123	61	2	16239	16604	3	124	2.06e-36	125	31618	124
tig00002322_arrow__	RNaseH_Ogre	48.780	123	61	2	12167	12532	3	124	1.65e-36	125	25263	124
tig00002322_arrow__	RNaseH_Ogre	48.780	123	61	2	5522	5887	3	124	1.18e-36	125	18189	124
tig00002322_arrow__	RNaseH_Ogre	48.780	123	61	2	5701	6066	3	124	1.21e-36	125	18545	124
tig00002322_arrow__	RNaseH_Ogre	48.780	123	61	2	11980	12345	3	124	1.62e-36	125	24843	124
tig00002322_arrow__	RNaseH_Ogre	48.780	123	61	2	11803	12168	3	124	1.60e-36	125	24544	124
tig00002322_arrow__	RNaseH_Ogre	48.780	123	61	2	16142	16507	3	124	2.06e-36	125	31525	124
tig00002322_arrow__	RNaseH_Ogre	48.780	123	61	2	16239	16604	3	124	2.07e-36	125	31639	124
tig00002322_arrow__	RNaseH_Ogre	48.780	123	61	2	5346	5711	3	124	1.16e-36	125	17834	124
tig00002322_arrow__	RNaseH_Ogre	48.780	123	61	2	11631	11996	3	124	1.58e-36	125	24193	124
tig00002322_arrow__	RNaseH_Ogre	48.780	123	61	2	5163	5528	3	124	1.14e-36	125	17475	124
tig00002322_arrow__	RNaseH_Ogre	48.780	123	61	2	11452	11817	3	124	1.55e-36	125	23838	124
tig00002322_arrow__	RNaseH_Ogre	48.780	123	61	2	7991	8356	3	124	1.52e-36	125	23370	124
tig00002322_arrow__	RNaseH_Ogre	48.780	123	61	2	11267	11632	3	124	1.53e-36	125	23474	124
tig00002322_arrow__	RNaseH_Ogre	48.780	123	61	2	4985	5350	3	124	1.11e-36	125	17118	124
tig00002322_arrow__	RNaseH_Ogre	48.780	123	61	2	16239	16604	3	124	2.06e-36	125	31619	124
tig00002322_arrow__	RNaseH_Ogre	48.780	123	61	2	4806	5171	3	124	1.09e-36	125	16760	124
tig00002322_arrow__	RNaseH_Ogre	48.780	123	61	2	11080	11445	3	124	1.51e-36	125	23108	124
tig00002322_arrow__	RNaseH_Ogre	48.780	123	61	2	4628	4993	3	124	1.06e-36	125	16403	124
tig00002322_arrow__	RNaseH_Ogre	48.780	123	61	2	10909	11274	3	124	1.48e-36	125	22758	124
tig00002322_arrow__	RNaseH_Ogre	48.780	123	61	2	4449	4814	3	124	1.04e-36	125	16046	124
tig00002322_arrow__	RNaseH_Ogre	48.780	123	61	2	10730	11095	3	124	1.46e-36	125	22401	124
tig00002322_arrow__	RNaseH_Ogre	48.780	123	61	2	5733	6098	3	124	1.53e-36	125	23520	124
tig00002322_arrow__	RNaseH_Ogre	48.780	123	61	2	15055	15420	3	124	2.14e-36	125	32842	124
tig00002322_arrow__	RNaseH_Ogre	48.780	123	61	2	15950	16315	3	124	2.20e-36	125	33737	124
tig00002322_arrow__	RNaseH_Ogre	48.780	123	61	2	10558	10923	3	124	1.44e-36	125	22052	124
tig00002322_arrow__	RNaseH_Ogre	48.780	123	61	2	15413	15778	3	124	2.17e-36	125	33200	124
tig00002322_arrow__	RNaseH_Ogre	48.780	123	61	2	5912	6277	3	124	1.54e-36	125	23699	124
tig00002322_arrow__	RNaseH_Ogre	48.780	123	61	2	4271	4636	3	124	1.02e-36	125	15691	124
tig00002322_arrow__	RNaseH_Ogre	48.780	123	61	2	15234	15599	3	124	2.16e-36	125	33021	124
tig00002322_arrow__	RNaseH_Ogre	48.780	123	61	2	14698	15063	3	124	2.12e-36	125	32481	124
tig00002322_arrow__	RNaseH_Ogre	48.780	123	61	2	5554	5919	3	124	1.52e-36	125	23341	124
tig00002322_arrow__	RNaseH_Ogre	48.780	123	61	2	14519	14884	3	124	2.11e-36	125	32306	124
tig00002322_arrow__	RNaseH_Ogre	48.780	123	61	2	6269	6634	3	124	1.57e-36	125	24056	124
tig00002322_arrow__	RNaseH_Ogre	48.780	123	61	2	14876	15241	3	124	2.13e-36	125	32663	124
tig00002322_arrow__	RNaseH_Ogre	48.780	123	61	2	13088	13453	3	124	2.02e-36	125	30872	124
tig00002322_arrow__	RNaseH_Ogre	48.780	123	61	2	11835	12200	3	124	1.93e-36	125	29622	124
tig00002322_arrow__	RNaseH_Ogre	48.780	123	61	2	5196	5561	3	124	1.50e-36	125	22983	124
tig00002322_arrow__	RNaseH_Ogre	48.780	123	61	2	16128	16493	3	124	2.21e-36	125	33914	124
tig00002322_arrow__	RNaseH_Ogre	48.780	123	61	2	15592	15957	3	124	2.18e-36	125	33373	124
tig00002322_arrow__	RNaseH_Ogre	48.780	123	61	2	6434	6799	3	124	1.58e-36	125	24221	124
tig00002322_arrow__	RNaseH_Ogre	48.780	123	61	2	6091	6456	3	124	1.56e-36	125	23878	124
tig00002322_arrow__	RNaseH_Ogre	48.780	123	61	2	12193	12558	3	124	1.96e-36	125	29980	124
tig00002322_arrow__	RNaseH_Ogre	48.780	123	61	2	14340	14705	3	124	2.10e-36	125	32123	124
tig00002322_arrow__	RNaseH_Ogre	48.780	123	61	2	7508	7873	3	124	1.65e-36	125	25295	124
tig00002322_arrow__	RNaseH_Ogre	48.780	123	61	2	4090	4455	3	124	9.94e-37	125	15331	124
tig00002322_arrow__	RNaseH_Ogre	48.780	123	61	2	13803	14168	3	124	2.06e-36	125	31590	124
tig00002322_arrow__	RNaseH_Ogre	48.780	123	61	2	10762	11127	3	124	1.86e-36	125	28549	124
tig00002322_arrow__	RNaseH_Ogre	48.780	123	61	2	4303	4668	3	124	1.44e-36	125	22090	124
tig00002322_arrow__	RNaseH_Ogre	48.780	123	61	2	13445	13810	3	124	2.04e-36	125	31232	124
tig00002322_arrow__	RNaseH_Ogre	48.780	123	61	2	12909	13274	3	124	2.00e-36	125	30696	124
tig00002322_arrow__	RNaseH_Ogre	48.780	123	61	2	6971	7336	3	124	1.61e-36	125	24758	124
tig00002322_arrow__	RNaseH_Ogre	48.780	123	61	2	6614	6979	3	124	1.59e-36	125	24401	124
tig00002322_arrow__	RNaseH_Ogre	48.780	123	61	2	4658	5023	3	124	1.46e-36	125	22441	124
tig00002322_arrow__	RNaseH_Ogre	48.780	123	61	2	5375	5740	3	124	1.51e-36	125	23162	124
tig00002322_arrow__	RNaseH_Ogre	48.780	123	61	2	13623	13988	3	124	2.05e-36	125	31410	124
tig00002322_arrow__	RNaseH_Ogre	48.780	123	61	2	11120	11485	3	124	1.89e-36	125	28907	124
tig00002322_arrow__	RNaseH_Ogre	48.780	123	61	2	7150	7515	3	124	1.63e-36	125	24937	124
tig00002322_arrow__	RNaseH_Ogre	48.780	123	61	2	13982	14347	3	124	2.07e-36	125	31769	124
tig00002322_arrow__	RNaseH_Ogre	48.780	123	61	2	5017	5382	3	124	1.49e-36	125	22804	124
tig00002322_arrow__	RNaseH_Ogre	48.780	123	61	2	10373	10738	3	124	1.41e-36	125	21688	124
tig00002322_arrow__	RNaseH_Ogre	48.780	123	61	2	4839	5204	3	124	1.47e-36	125	22626	124
tig00002322_arrow__	RNaseH_Ogre	48.780	123	61	2	10584	10949	3	124	1.85e-36	125	28366	124
tig00002322_arrow__	RNaseH_Ogre	48.780	123	61	2	10941	11306	3	124	1.87e-36	125	28728	124
tig00002322_arrow__	RNaseH_Ogre	48.780	123	61	2	11657	12022	3	124	1.92e-36	125	29444	124
tig00002322_arrow__	RNaseH_Ogre	48.780	123	61	2	7687	8052	3	124	1.66e-36	125	25474	124
tig00002322_arrow__	RNaseH_Ogre	48.780	123	61	2	6792	7157	3	124	1.60e-36	125	24579	124
tig00002322_arrow__	RNaseH_Ogre	48.780	123	61	2	15770	16135	3	124	2.19e-36	125	33557	124
tig00002322_arrow__	RNaseH_Ogre	48.780	123	61	2	7864	8229	3	124	1.67e-36	125	25651	124
tig00002322_arrow__	RNaseH_Ogre	48.780	123	61	2	11297	11662	3	124	1.90e-36	125	29084	124
tig00002322_arrow__	RNaseH_Ogre	48.780	123	61	2	4481	4846	3	124	1.45e-36	125	22268	124
tig00002322_arrow__	RNaseH_Ogre	48.780	123	61	2	12015	12380	3	124	1.94e-36	125	29802	124
tig00002322_arrow__	RNaseH_Ogre	48.780	123	61	2	11478	11843	3	124	1.91e-36	125	29261	124
tig00002322_arrow__	RNaseH_Ogre	48.780	123	61	2	14161	14526	3	124	2.09e-36	125	31948	124
tig00002322_arrow__	RNaseH_Ogre	48.780	123	61	2	12372	12737	3	124	1.97e-36	125	30159	124
tig00002322_arrow__	RNaseH_Ogre	48.780	123	61	2	13267	13632	3	124	2.03e-36	125	31048	124
tig00002322_arrow__	RNaseH_Ogre	48.780	123	61	2	7329	7694	3	124	1.64e-36	125	25112	124
tig00002322_arrow__	RNaseH_Ogre	48.780	123	61	2	12729	13094	3	124	1.99e-36	125	30512	124
tig00002322_arrow__	RNaseH_Ogre	48.780	123	61	2	4124	4489	3	124	1.42e-36	125	21841	124
tig00002322_arrow__	RNaseH_Ogre	48.780	123	61	2	12551	12916	3	124	1.98e-36	125	30338	124
tig00002322_arrow__	RNaseH_Ogre	48.780	123	61	2	10194	10559	3	124	1.39e-36	125	21330	124
tig00002322_arrow__	RNaseH_Ogre	48.780	123	61	2	10405	10770	3	124	1.84e-36	125	28192	124
tig00002322_arrow__	RNaseH_Ogre	48.780	123	61	2	7986	8351	3	124	1.52e-36	125	23386	124
tig00002322_arrow__	RNaseH_Ogre	48.780	123	61	2	7991	8356	3	124	1.68e-36	125	25778	124
tig00002322_arrow__	RNaseH_Ogre	48.780	123	61	2	16150	16515	3	124	2.22e-36	125	33937	124
tig00002322_arrow__	RNaseH_Ogre	48.780	123	61	2	10226	10591	3	124	1.82e-36	125	27839	124
tig00002322_arrow__	RNaseH_Ogre	48.780	123	61	2	3919	4284	3	124	9.71e-37	125	14979	124
tig00002322_arrow__	RNaseH_Ogre	48.780	123	61	2	3945	4310	3	124	1.40e-36	125	21484	124
tig00002322_arrow__	RNaseH_Ogre	48.780	123	61	2	16239	16604	3	124	2.22e-36	125	34026	124
tig00002322_arrow__	RNaseH_Ogre	48.780	123	61	2	10015	10380	3	124	1.36e-36	125	20971	124
tig00002322_arrow__	RNaseH_Ogre	48.780	123	61	2	10047	10412	3	124	1.79e-36	125	27466	124
tig00002322_arrow__	RNaseH_Ogre	48.780	123	61	2	3734	4099	3	124	9.48e-37	125	14623	124
tig00002322_arrow__	RNaseH_Ogre	48.780	123	61	2	3766	4131	3	124	1.38e-36	125	21132	124
tig00002322_arrow__	RNaseH_Ogre	48.780	123	61	2	9868	10233	3	124	1.77e-36	125	27131	124
tig00002322_arrow__	RNaseH_Ogre	48.780	123	61	2	9836	10201	3	124	1.34e-36	125	20613	124
tig00002322_arrow__	RNaseH_Ogre	48.780	123	61	2	3589	3954	3	124	1.35e-36	125	20777	124
tig00002322_arrow__	RNaseH_Ogre	48.780	123	61	2	3557	3922	3	124	9.24e-37	125	14260	124
tig00002322_arrow__	RNaseH_Ogre	48.780	123	61	2	16150	16515	3	124	2.22e-36	125	33934	124
tig00002322_arrow__	RNaseH_Ogre	48.780	123	61	2	9689	10054	3	124	1.75e-36	125	26772	124
tig00002322_arrow__	RNaseH_Ogre	48.780	123	61	2	7989	8354	3	124	1.68e-36	125	25753	124
tig00002322_arrow__	RNaseH_Ogre	48.780	123	61	2	3410	3775	3	124	1.33e-36	125	20419	124
tig00002322_arrow__	RNaseH_Ogre	48.780	123	61	2	3378	3743	3	124	9.00e-37	125	13901	124
tig00002322_arrow__	RNaseH_Ogre	48.780	123	61	2	9657	10022	3	124	1.32e-36	125	20255	124
tig00002322_arrow__	RNaseH_Ogre	48.780	123	61	2	16150	16515	3	124	2.22e-36	125	33931	124
tig00002322_arrow__	RNaseH_Ogre	48.780	123	61	2	3141	3506	3	124	8.73e-37	125	13486	124
tig00002322_arrow__	RNaseH_Ogre	48.780	123	61	2	9510	9875	3	124	1.72e-36	125	26415	124
tig00002322_arrow__	RNaseH_Ogre	48.780	123	61	2	3041	3406	3	124	8.54e-37	125	13203	124
tig00002322_arrow__	RNaseH_Ogre	48.780	123	61	2	7987	8352	3	124	1.52e-36	125	23387	124
tig00002322_arrow__	RNaseH_Ogre	48.780	123	61	2	3231	3596	3	124	1.30e-36	125	20062	124
tig00002322_arrow__	RNaseH_Ogre	48.780	123	61	2	9478	9843	3	124	1.29e-36	125	19894	124
tig00002322_arrow__	RNaseH_Ogre	48.780	123	61	2	9306	9671	3	124	1.27e-36	125	19546	124
tig00002322_arrow__	RNaseH_Ogre	48.780	123	61	2	9332	9697	3	124	1.70e-36	125	26058	124
tig00002322_arrow__	RNaseH_Ogre	48.780	123	61	2	7987	8352	3	124	1.68e-36	125	25768	124
tig00002322_arrow__	RNaseH_Ogre	48.780	123	61	2	16148	16513	3	124	2.22e-36	125	33935	124
tig00002322_arrow__	RNaseH_Ogre	48.780	123	61	2	9121	9486	3	124	1.25e-36	125	19183	124
tig00002322_arrow__	RNaseH_Ogre	48.780	123	61	2	7987	8352	3	124	1.68e-36	125	25771	124
tig00002322_arrow__	RNaseH_Ogre	48.780	123	61	2	9153	9518	3	124	1.68e-36	125	25700	124
tig00002322_arrow__	RNaseH_Ogre	48.780	123	61	2	2894	3259	3	124	1.26e-36	125	19367	124
tig00002322_arrow__	RNaseH_Ogre	48.780	123	61	2	2862	3227	3	124	8.31e-37	125	12850	124
tig00021141_arrow__	RNaseH_Ogre	49.580	119	60	0	12243	12599	6	124	9.35e-40	134	20950	124
tig00021143_arrow__	RNaseH_Cyclops-2	65.000	120	30	1	7964	8287	1	120	1.40e-48	159	12449	120
tig00021143_arrow__	RNaseH_Cyclops-2	65.000	120	30	1	17076	17399	1	120	3.21e-48	159	28382	120
tig00021150_arrow__	RNaseH_Diaspora	31.667	120	79	1	2030	2389	5	121	3.66e-18	70.9	5395	121
tig00021150_arrow__	RNaseH_Diaspora	31.667	120	79	1	3946	4305	5	121	3.65e-18	70.9	5377	121
tig00021151_arrow__	RNaseH_Ogre	49.580	119	60	0	10484	10840	6	124	3.16e-41	138	18062	124
tig00021153_arrow__	RNaseH_Ogre	44.538	119	66	0	11000	11356	6	124	1.17e-34	119	20163	124
tig00021153_arrow__	RNaseH_Ogre	44.538	119	66	0	17350	17706	6	124	1.89e-34	119	32475	124
tig00021153_arrow__	RNaseH_Ogre	44.538	119	66	0	11456	11812	6	124	1.10e-34	119	19015	124
tig00021156_arrow__	RNaseH_Diaspora	33.028	109	70	1	1642	1968	16	121	9.36e-18	69.3	3647	121
tig00021156_arrow__	RNaseH_Diaspora	33.333	120	77	1	2055	1696	5	121	1.28e-18	72.0	3664	121
tig00021156_arrow__	RNaseH_Ogre	50.806	124	61	0	10300	10671	1	124	1.52e-44	147	17612	124
tig00021175_arrow__	RNaseH_Ogre	48.780	123	61	2	12144	12509	3	124	2.48e-33	116	20330	124
tig00021177_arrow__	RNaseH_Ogre	48.780	123	61	2	5185	5550	3	124	4.58e-38	129	12160	124
tig00021179_arrow__	RNaseH_Ogre	45.378	119	65	0	14136	14492	6	124	2.40e-34	119	22860	124
tig00021179_arrow__	RNaseH_Ogre	45.378	119	65	0	15292	15648	6	124	2.33e-34	119	22148	124
tig00021182_arrow__	RNaseH_Diaspora	71.667	120	34	0	4886	5245	2	121	1.67e-56	181	9431	121
tig00021183_arrow__	RNaseH_Cyclops-2	68.595	121	37	1	5086	5448	1	120	1.24e-50	164	9630	120
tig00021184_arrow__	RNaseH_Cyclops-2	68.595	121	37	1	5087	5449	1	120	1.24e-50	164	9631	120
tig00021185_arrow__	RNaseH_Ogre	43.750	64	36	0	3575	3766	24	87	2.26e-20	58.9	5300	124
tig00021197_arrow__	RNaseH_Ogre	48.760	121	62	0	10577	10939	4	124	1.85e-40	136	18095	124
tig00021205_arrow__	RNaseH_Ogre	41.176	119	70	0	12295	12651	6	124	2.73e-33	115	19933	124
tig00021205_arrow__	RNaseH_Ogre	41.176	119	70	0	10651	11007	6	124	2.68e-33	115	19517	124
tig00021208_arrow__	RNaseH_Ogre	50.407	123	59	2	15909	16274	3	124	1.41e-39	134	24236	124
tig00021213_arrow__	RNaseH_Ogre	42.500	120	69	0	12863	13222	5	124	2.04e-31	110	20859	124
tig00021220_arrow__	RNaseH_Ogre	49.587	121	61	0	10786	11148	4	124	9.57e-41	137	18649	124
tig00021223_arrow__	RNaseH_Ogre	47.778	90	47	0	10408	10677	34	123	8.41e-28	100	16524	124
tig00021223_arrow__	RNaseH_Ogre	47.778	90	47	0	9122	9391	34	123	8.44e-28	100	16578	124
tig00021225_arrow__	RNaseH_Ogre	50.413	121	60	0	8777	9139	4	124	2.24e-41	139	16533	124
tig00021229_arrow__	RNaseH_Ogre	46.218	119	64	0	10507	10863	6	124	2.04e-36	124	18049	124
tig00021236_arrow__	RNaseH_Ogre	48.760	121	62	0	10766	11128	4	124	1.85e-39	133	18555	124
tig00021242_arrow__	RNaseH_Ogre	49.587	121	61	0	9950	10312	4	124	1.15e-40	136	17429	124
tig00021261_arrow__	RNaseH_Ogre	48.387	124	64	0	10412	10783	1	124	1.99e-43	144	17987	124
tig00021262_arrow__	RNaseH_Ogre	49.587	121	61	0	10823	11185	4	124	9.02e-41	137	16934	124
tig00021264_arrow__	RNaseH_Ogre	42.857	77	43	1	12969	13199	22	97	4.59e-17	69.7	20092	124
tig00021266_arrow__	RNaseH_Ogre	45.000	120	66	0	84	443	5	124	5.10e-37	125	8186	124
tig00021266_arrow__	RNaseH_Ogre	45.000	120	66	0	7897	8256	5	124	1.64e-36	125	20177	124
tig00021268_arrow__	RNaseH_Ogre	49.138	116	59	0	8373	8720	9	124	1.37e-36	125	20588	124
tig00021268_arrow__	RNaseH_Ogre	49.138	116	59	0	14413	14760	9	124	1.46e-36	125	21986	124
tig00021274_arrow__	RNaseH_Ogre	49.587	121	61	0	11012	11374	4	124	4.12e-41	138	19038	124
tig00021277_arrow__	RNaseH_Diaspora	32.836	67	45	0	6644	6844	8	74	9.55e-07	40.0	17708	121
tig00021277_arrow__	RNaseH_Diaspora	32.836	67	45	0	7912	8112	8	74	9.24e-07	40.0	17131	121
tig00021282_arrow__	RNaseH_Diaspora	69.167	120	37	0	4889	5248	2	121	1.83e-51	166	8939	121
tig00021284_arrow__	RNaseH_Ogre	44.628	121	67	0	10803	11165	4	124	2.81e-37	127	18495	124
tig00021287_arrow__	RNaseH_Ogre	48.739	119	61	0	10086	10442	6	124	2.98e-40	135	16661	124
tig00021294_arrow__	RNaseH_Ogre	49.580	119	60	0	9920	10276	6	124	2.56e-39	133	18653	124
tig00021296_arrow__	RNaseH_Ogre	45.378	119	65	0	12029	12385	6	124	3.05e-36	124	20781	124
tig00021297_arrow__	RNaseH_Ogre	43.548	124	68	1	10615	10980	1	124	8.86e-35	120	17332	124
tig00021297_arrow__	RNaseH_Ogre	43.548	124	70	0	20040	20411	1	124	5.02e-36	124	20417	124
tig00021297_arrow__	RNaseH_Ogre	43.548	124	68	1	8102	8467	1	124	9.51e-35	120	18592	124
tig00021298_arrow__	RNaseH_Ogre	46.316	95	51	0	12964	13248	1	95	2.85e-29	94.0	19821	124
tig00021300_arrow__	RNaseH_Ogre	49.593	123	60	2	11183	11548	3	124	5.20e-39	132	19172	124
tig00021301_arrow__	RNaseH_Ogre	45.968	124	67	0	8524	8895	1	124	1.11e-39	134	15680	124
tig00021302_arrow__	RNaseH_Ogre	49.580	119	60	0	9052	9408	6	124	1.45e-37	127	16427	124
tig00021307_arrow__	RNaseH_Ogre	49.593	123	60	2	12169	12534	3	124	2.78e-39	133	20578	124
tig00021309_arrow__	RNaseH_Ogre	48.780	123	61	2	12136	12501	3	124	3.31e-37	127	20337	124
tig00021311_arrow__	RNaseH_Calypso5-1	35.088	114	69	2	8524	8862	8	117	1.24e-12	56.6	16457	120
tig00021311_arrow__	RNaseH_Calypso5-1	35.088	114	69	2	10685	11023	8	117	1.52e-12	56.6	20083	120
tig00021311_arrow__	RNaseH_Calypso5-1	35.088	114	69	2	10707	11045	8	117	1.11e-12	56.6	14695	120
tig00021311_arrow__	RNaseH_Calypso5-1	35.088	114	69	2	8510	8848	8	117	1.59e-12	56.6	20958	120
tig00021312_arrow__	RNaseH_Calypso5-1	34.211	114	70	2	8241	8579	8	117	6.63e-12	54.3	15067	120
tig00021312_arrow__	RNaseH_Calypso5-1	34.211	114	70	2	10402	10740	8	117	8.75e-12	54.3	19808	120
tig00021312_arrow__	RNaseH_Calypso5-1	34.211	114	70	2	10418	10756	8	117	6.34e-12	54.3	14403	120
tig00021312_arrow__	RNaseH_Calypso5-1	34.211	114	70	2	17745	18083	8	117	1.04e-11	54.3	23452	120
tig00021312_arrow__	RNaseH_Calypso5-1	34.211	114	70	2	8227	8565	8	117	9.14e-12	54.3	20686	120
tig00021316_arrow__	RNaseH_Ogre	49.587	121	61	0	11049	11411	4	124	7.14e-41	137	19170	124
tig00021318_arrow__	RNaseH_Ogre	48.780	123	61	2	12089	12454	3	124	4.65e-39	132	20398	124
tig00021326_arrow__	RNaseH_Ogre	45.455	121	66	0	10482	10844	4	124	3.52e-36	124	17232	124
tig00021328_arrow__	RNaseH_Diaspora	35.000	120	75	1	12702	13061	5	121	2.40e-19	75.5	13938	121
tig00021330_arrow__	RNaseH_Ogre	43.103	58	33	0	10893	11066	67	124	4.03e-24	65.1	20207	124
tig00021330_arrow__	RNaseH_Ogre	43.103	58	33	0	12397	12570	67	124	3.77e-24	65.1	18920	124
tig00021330_arrow__	RNaseH_Ogre	43.103	58	33	0	14708	14881	67	124	5.66e-24	65.1	29852	124
tig00021335_arrow__	RNaseH_Calypso5-1	36.207	116	69	2	8531	8875	8	119	4.26e-13	57.8	14748	120
tig00021335_arrow__	RNaseH_Calypso5-1	36.207	116	69	2	10704	11048	8	119	4.25e-13	57.8	14709	120
tig00021335_arrow__	RNaseH_Calypso5-1	36.207	116	69	2	18035	18379	8	119	6.89e-13	57.8	23755	120
tig00021339_arrow__	RNaseH_Ogre	48.361	122	63	0	10087	10452	3	124	9.92e-42	139	17318	124
tig00021340_arrow__	RNaseH_Ogre	50.000	124	62	0	10431	10802	1	124	1.78e-43	144	17923	124
tig00021342_arrow__	RNaseH_Ogre	48.739	119	61	0	10039	10395	6	124	1.35e-39	134	17299	124
tig00021345_arrow__	RNaseH_Ogre	46.218	119	64	0	10515	10871	6	124	2.62e-36	124	22305	124
tig00021376_arrow__	RNaseH_Diaspora	63.218	87	32	0	7125	7385	18	104	5.16e-38	112	11863	121
tig00021384_arrow__	RNaseH_Ogre	47.967	123	62	2	11391	11756	3	124	2.06e-37	127	22479	124
tig00021385_arrow__	RNaseH_Ogre	47.967	123	64	0	10332	10700	2	124	1.23e-35	122	19854	124
tig00021385_arrow__	RNaseH_Ogre	47.967	123	64	0	15482	15850	2	124	2.06e-35	122	33248	124
tig00021392_arrow__	RNaseH_Ogre	44.715	123	68	0	11207	11575	2	124	1.69e-36	125	19400	124
tig00021394_arrow__	RNaseH_Ogre	50.000	124	62	0	10468	10839	1	124	5.85e-44	146	17958	124
tig00021399_arrow__	RNaseH_Ogre	50.000	124	62	0	10405	10776	1	124	3.64e-42	141	28198	124
tig00021401_arrow__	RNaseH_Ogre	50.000	124	62	0	10511	10882	1	124	5.60e-44	146	18027	124
tig00021408_arrow__	RNaseH_Diaspora	32.911	79	53	0	6253	6489	5	83	1.41e-09	47.8	13131	121
tig00021408_arrow__	RNaseH_Diaspora	32.911	79	53	0	17337	17573	5	83	2.96e-09	47.8	27467	121
tig00021420_arrow__	RNaseH_Ogre	49.587	121	61	0	10943	11305	4	124	9.75e-41	137	18814	124
tig00021426_arrow__	RNaseH_Ogre	44.355	124	69	0	10535	10906	1	124	4.31e-37	126	17497	124
tig00021433_arrow__	RNaseH_Ogre	47.581	124	65	0	12240	12611	1	124	1.19e-37	128	20393	124
tig00021437_arrow__	RNaseH_Ogre	51.020	98	48	0	12184	12477	27	124	8.83e-33	114	20283	124
tig00021441_arrow__	RNaseH_Ogre	49.587	121	61	0	10907	11269	4	124	5.74e-41	137	19086	124
tig00021443_arrow__	RNaseH_Ogre	49.587	121	61	0	11066	11428	4	124	7.11e-41	137	19259	124
tig00021443_arrow__	RNaseH_Ogre	49.587	121	61	0	18455	18817	4	124	1.26e-40	137	34056	124
tig00021445_arrow__	RNaseH_Diaspora	35.833	120	74	1	3615	3974	5	121	1.81e-20	78.6	10458	121
tig00021445_arrow__	RNaseH_Diaspora	35.833	120	74	1	6275	6634	5	121	1.81e-20	78.6	10459	121
tig00021445_arrow__	RNaseH_Diaspora	35.833	120	74	1	6268	6627	5	121	1.41e-20	78.6	8182	121
tig00021445_arrow__	RNaseH_Diaspora	35.000	120	75	1	1943	1584	5	121	8.20e-20	76.3	8210	121
tig00021445_arrow__	RNaseH_Diaspora	35.833	120	74	1	2661	3020	5	121	1.67e-20	78.6	9626	121
tig00021447_arrow__	RNaseH_Ogre	47.107	121	64	0	10793	11155	4	124	3.30e-38	129	18394	124
tig00021450_arrow__	RNaseH_Ogre	39.362	94	55	2	12049	12327	3	95	1.85e-17	70.9	20275	124
tig00062549_arrow__	RNaseH_Ogre	43.299	97	55	0	12734	13024	4	100	1.20e-24	91.3	20189	124
tig00062549_arrow__	RNaseH_Ogre	43.299	97	55	0	10649	10939	4	100	1.17e-24	91.3	19575	124
tig00062559_arrow__	RNaseH_Diaspora	35.833	120	74	1	697	338	5	121	1.26e-20	78.6	7497	121
tig00062559_arrow__	RNaseH_Diaspora	35.833	120	74	1	2035	1676	5	121	1.20e-20	78.6	7482	121
tig00062623_arrow__	RNaseH_Ogre	49.180	122	62	0	9664	10029	3	124	2.92e-42	141	16954	124
tig00062625_arrow__	RNaseH_Ogre	46.774	124	66	0	10090	10461	1	124	5.32e-40	135	18112	124
tig00062629_arrow__	RNaseH_Ogre	50.000	124	62	0	10300	10671	1	124	5.59e-44	146	17496	124
tig00062629_arrow__	RNaseH_Ogre	50.000	124	62	0	16690	17061	1	124	1.10e-43	146	34103	124
tig00062629_arrow__	RNaseH_Ogre	50.000	124	62	0	18307	18678	1	124	8.98e-44	146	27974	124
tig00062631_arrow__	RNaseH_Ogre	48.361	122	63	0	12157	12522	3	124	4.29e-40	135	19153	124
tig00062631_arrow__	RNaseH_Ogre	48.361	122	63	0	10286	10651	3	124	4.16e-40	135	18576	124
tig00062634_arrow__	RNaseH_Ogre	48.739	119	61	0	10290	10646	6	124	1.27e-40	136	17651	124
tig00062639_arrow__	RNaseH_Ogre	45.378	119	65	0	13166	13522	6	124	9.17e-37	125	20977	124
tig00062639_arrow__	RNaseH_Ogre	45.378	119	65	0	11079	11435	6	124	8.55e-37	125	19567	124
