Warning: [blastx] Examining 5 or more matches is recommended
tig00000002_arrow__	RT_Ogre	75.556	225	55	0	9678	10352	2	226	1.14e-105	328	18114	226
tig00000066_arrow__	RT_Ogre	29.798	198	137	2	1551	2141	26	222	3.97e-26	97.8	4465	226
tig00000066_arrow__	RT_Ogre	27.723	202	144	2	2904	2302	26	226	1.27e-22	87.8	4454	226
tig00000066_arrow__	RT_Ogre	29.798	198	137	2	11298	11888	26	222	2.18e-25	97.8	22409	226
tig00000066_arrow__	RT_Ogre	29.798	198	137	2	13336	13926	26	222	2.16e-25	97.8	22223	226
tig00000083_arrow__	RT_Ogre	75.111	225	56	0	5802	6476	2	226	1.83e-106	329	8806	226
tig00000090_arrow__	RT_Ogre	30.198	202	139	2	1285	1887	26	226	1.34e-28	105	5375	226
tig00000090_arrow__	RT_Ogre	30.198	202	139	2	3208	3810	26	226	1.35e-28	105	5383	226
tig00000091_arrow__	RT_Ogre	29.798	198	137	2	1287	1877	26	222	4.21e-26	98.2	5396	226
tig00000091_arrow__	RT_Ogre	29.798	198	137	2	3207	3797	26	222	4.19e-26	98.2	5382	226
tig00000095_arrow__	RT_Ogre	69.863	146	44	0	5157	5594	81	226	6.51e-68	219	14180	226
tig00000113_arrow__	RT_Athila4-1	71.939	196	55	0	4221	4808	1	196	5.02e-90	276	9630	244
tig00000115_arrow__	RT_Ogre	29.798	198	137	2	1640	2230	26	222	1.63e-27	101	4514	226
tig00000115_arrow__	RT_Ogre	30.263	152	104	2	2736	2284	72	222	1.86e-20	81.3	4513	226
tig00000115_arrow__	RT_Ogre	29.798	198	137	2	1639	2229	26	222	2.59e-27	101	6876	226
tig00000117_arrow__	RT_Ogre	36.620	213	124	5	2746	3369	20	226	4.73e-38	132	5306	226
tig00000128_arrow__	RT_Ogre	27.363	201	144	2	776	1375	27	226	3.43e-22	86.3	3856	226
tig00000128_arrow__	RT_Ogre	27.363	201	144	2	3060	3659	27	226	2.68e-22	86.7	3857	226
tig00000131_arrow__	RT_Ogre	73.778	225	59	0	10124	10798	2	226	2.92e-102	318	18991	226
tig00000199_arrow__	RT_Ogre	37.234	94	59	0	12776	13057	26	119	1.44e-15	68.9	17176	226
tig00000199_arrow__	RT_Ogre	37.234	94	59	0	9000	9281	26	119	1.30e-15	68.9	15596	226
tig00000199_arrow__	RT_Ogre	37.234	94	59	0	6420	6701	26	119	1.46e-15	68.9	17422	226
tig00000199_arrow__	RT_Ogre	37.234	94	59	0	6427	6708	26	119	1.28e-15	68.9	15359	226
tig00000215_arrow__	RT_Ogre	29.798	198	137	2	2602	3192	26	222	1.06e-26	99.0	3502	226
tig00000215_arrow__	RT_Ogre	28.505	214	147	3	951	313	14	222	3.91e-26	97.4	3506	226
tig00000215_arrow__	RT_Ogre	29.798	198	137	2	5590	6180	26	222	2.79e-26	99.0	8433	226
tig00000215_arrow__	RT_Ogre	29.798	198	137	2	7481	8071	26	222	2.79e-26	99.0	8426	226
tig00000253_arrow__	RT_Ogre	30.808	198	135	2	7579	8169	26	222	7.36e-31	112	12532	226
tig00000253_arrow__	RT_Ogre	30.808	198	135	2	12669	13259	26	222	1.36e-30	112	22760	226
tig00000253_arrow__	RT_Ogre	30.808	198	135	2	12305	12895	26	222	1.02e-30	112	17258	226
tig00000253_arrow__	RT_Ogre	30.808	198	135	2	7336	7926	26	222	1.03e-30	112	17427	226
tig00000253_arrow__	RT_Ogre	30.808	198	135	2	12281	12871	26	222	1.82e-30	112	30329	226
tig00000253_arrow__	RT_Ogre	30.808	198	135	2	7313	7903	26	222	1.52e-30	112	25361	226
tig00000289_arrow__	RT_Ogre	73.778	225	59	0	10238	10912	2	226	5.71e-103	320	18177	226
tig00000294_arrow__	RT_Ogre	68.235	170	54	0	10158	9649	57	226	2.30e-92	252	11107	226
tig00000294_arrow__	RT_Ogre	71.875	224	63	0	795	1466	3	226	4.19e-112	345	11088	226
tig00000370_arrow__	RT_Tat4-1	44.928	69	38	0	9519	9725	87	155	1.86e-30	67.0	16068	226
tig00000370_arrow__	RT_Ogre	74.286	70	18	0	9732	9941	87	156	1.50e-30	112	12890	226
tig00000494_arrow__	RT_Ogre	70.270	222	66	0	8251	8916	5	226	4.38e-109	337	16398	226
tig00000495_arrow__	RT_Ogre	53.448	58	27	0	5416	5589	5	62	1.01e-21	68.6	13995	226
tig00000505_arrow__	RT_Athila4-1	63.902	205	74	0	4059	4673	40	244	9.47e-90	283	15454	244
tig00000508_arrow__	RT_Ogre	73.333	225	60	0	10117	10791	2	226	1.07e-101	317	19219	226
tig00000508_arrow__	RT_Ogre	73.333	225	60	0	12517	13191	2	226	1.43e-101	317	25572	226
tig00000558_arrow__	RT_Ogre	29.730	222	150	3	10367	11029	10	226	3.96e-25	96.7	17611	226
tig00000558_arrow__	RT_Ogre	29.730	222	150	3	12797	13459	10	226	5.20e-25	96.7	23010	226
tig00000558_arrow__	RT_Ogre	29.730	222	150	3	5885	6547	10	226	3.27e-25	96.7	14624	226
tig00000558_arrow__	RT_Ogre	29.730	222	150	3	12540	13202	10	226	3.89e-25	96.7	17333	226
tig00000558_arrow__	RT_Ogre	29.730	222	150	3	10353	11015	10	226	5.34e-25	96.7	23622	226
tig00000616_arrow__	RT_Ogre	73.214	224	60	0	12153	12824	3	226	7.45e-115	354	20678	226
tig00000616_arrow__	RT_Ogre	73.214	224	60	0	17523	18194	3	226	9.28e-115	354	25666	226
tig00000616_arrow__	RT_Ogre	73.214	224	60	0	17704	18375	3	226	9.35e-115	354	25847	226
tig00000616_arrow__	RT_Ogre	73.214	224	60	0	17874	18545	3	226	9.41e-115	354	26016	226
tig00000616_arrow__	RT_Ogre	73.214	224	60	0	16804	17475	3	226	9.02e-115	354	24947	226
tig00000616_arrow__	RT_Ogre	73.214	224	60	0	17166	17837	3	226	9.15e-115	354	25307	226
tig00000616_arrow__	RT_Ogre	73.214	224	60	0	17341	18012	3	226	9.21e-115	354	25484	226
tig00000616_arrow__	RT_Ogre	73.214	224	60	0	16983	17654	3	226	9.08e-115	354	25124	226
tig00000616_arrow__	RT_Ogre	73.214	224	60	0	16626	17297	3	226	8.95e-115	354	24769	226
tig00000616_arrow__	RT_Ogre	73.214	224	60	0	16273	16944	3	226	8.82e-115	354	24415	226
tig00000616_arrow__	RT_Ogre	73.214	224	60	0	15911	16582	3	226	8.68e-115	354	24045	226
tig00000616_arrow__	RT_Ogre	73.214	224	60	0	16446	17117	3	226	8.88e-115	354	24589	226
tig00000616_arrow__	RT_Ogre	73.214	224	60	0	17926	18597	3	226	9.43e-115	354	26069	226
tig00000616_arrow__	RT_Ogre	73.214	224	60	0	15379	16050	3	226	8.49e-115	354	23520	226
tig00000616_arrow__	RT_Ogre	73.214	224	60	0	15553	16224	3	226	8.56e-115	354	23694	226
tig00000616_arrow__	RT_Ogre	73.214	224	60	0	12336	13007	3	226	7.37e-115	354	20479	226
tig00000616_arrow__	RT_Ogre	73.214	224	60	0	12693	13364	3	226	7.50e-115	354	20836	226
tig00000616_arrow__	RT_Ogre	73.214	224	60	0	16089	16760	3	226	8.75e-115	354	24232	226
tig00000616_arrow__	RT_Ogre	73.214	224	60	0	15201	15872	3	226	8.43e-115	354	23342	226
tig00000616_arrow__	RT_Ogre	73.214	224	60	0	12510	13181	3	226	7.44e-115	354	20653	226
tig00000616_arrow__	RT_Ogre	73.214	224	60	0	13405	14076	3	226	7.77e-115	354	21548	226
tig00000616_arrow__	RT_Ogre	73.214	224	60	0	14842	15513	3	226	8.30e-115	354	22985	226
tig00000616_arrow__	RT_Ogre	73.214	224	60	0	12873	13544	3	226	7.57e-115	354	21016	226
tig00000616_arrow__	RT_Ogre	73.214	224	60	0	15737	16408	3	226	8.62e-115	354	23880	226
tig00000616_arrow__	RT_Ogre	73.214	224	60	0	13764	14435	3	226	7.90e-115	354	21907	226
tig00000616_arrow__	RT_Ogre	73.214	224	60	0	14127	14798	3	226	8.03e-115	354	22267	226
tig00000616_arrow__	RT_Ogre	73.214	224	60	0	14659	15330	3	226	8.23e-115	354	22801	226
tig00000616_arrow__	RT_Ogre	73.214	224	60	0	13047	13718	3	226	7.63e-115	354	21190	226
tig00000616_arrow__	RT_Ogre	73.214	224	60	0	14479	15150	3	226	8.16e-115	354	22622	226
tig00000616_arrow__	RT_Ogre	73.214	224	60	0	13947	14618	3	226	7.97e-115	354	22090	226
tig00000616_arrow__	RT_Ogre	73.214	224	60	0	11977	12648	3	226	7.19e-115	354	19978	226
tig00000616_arrow__	RT_Ogre	73.214	224	60	0	13232	13903	3	226	7.70e-115	354	21375	226
tig00000616_arrow__	RT_Ogre	73.214	224	60	0	13584	14255	3	226	7.83e-115	354	21725	226
tig00000616_arrow__	RT_Ogre	73.214	224	60	0	17925	18596	3	226	9.43e-115	354	26068	226
tig00000616_arrow__	RT_Ogre	73.214	224	60	0	14301	14972	3	226	8.10e-115	354	22444	226
tig00000616_arrow__	RT_Ogre	73.214	224	60	0	15022	15693	3	226	8.36e-115	354	23165	226
tig00000616_arrow__	RT_Ogre	73.214	224	60	0	17923	18594	3	226	9.43e-115	354	26066	226
tig00000616_arrow__	RT_Ogre	73.214	224	60	0	11795	12466	3	226	7.05e-115	354	19593	226
tig00000616_arrow__	RT_Ogre	73.214	224	60	0	17923	18594	3	226	9.43e-115	354	26064	226
tig00000616_arrow__	RT_Ogre	73.214	224	60	0	11620	12291	3	226	6.92e-115	354	19246	226
tig00000616_arrow__	RT_Ogre	73.214	224	60	0	11441	12112	3	226	6.79e-115	354	18889	226
tig00000616_arrow__	RT_Ogre	73.214	224	60	0	11261	11932	3	226	6.65e-115	354	18522	226
tig00000616_arrow__	RT_Ogre	73.214	224	60	0	11083	11754	3	226	6.53e-115	354	18173	226
tig00000616_arrow__	RT_Ogre	73.214	224	60	0	10904	11575	3	226	6.39e-115	354	17815	226
tig00000616_arrow__	RT_Ogre	73.214	224	60	0	10725	11396	3	226	6.26e-115	354	17459	226
tig00000616_arrow__	RT_Ogre	73.214	224	60	0	10544	11215	3	226	6.13e-115	354	17097	226
tig00000616_arrow__	RT_Ogre	73.214	224	60	0	10368	11039	3	226	6.00e-115	354	16742	226
tig00000616_arrow__	RT_Ogre	73.214	224	60	0	17923	18594	3	226	9.42e-115	354	26057	226
tig00000616_arrow__	RT_Ogre	73.214	224	60	0	10185	10856	3	226	5.87e-115	354	16380	226
tig00000616_arrow__	RT_Ogre	73.214	224	60	0	10022	10693	3	226	5.74e-115	354	16039	226
tig00000616_arrow__	RT_Ogre	73.214	224	60	0	9848	10519	3	226	5.61e-115	354	15686	226
tig00000616_arrow__	RT_Ogre	73.214	224	60	0	9666	10337	3	226	5.48e-115	354	15325	226
tig00000616_arrow__	RT_Ogre	73.214	224	60	0	9491	10162	3	226	5.35e-115	354	14972	226
tig00000616_arrow__	RT_Ogre	73.214	224	60	0	9312	9983	3	226	5.21e-115	354	14604	226
tig00000616_arrow__	RT_Ogre	73.214	224	60	0	17926	18597	3	226	9.43e-115	354	26067	226
tig00000616_arrow__	RT_Ogre	73.214	224	60	0	9129	9800	3	226	5.08e-115	354	14243	226
tig00000616_arrow__	RT_Ogre	73.214	224	60	0	8949	9620	3	226	4.95e-115	354	13895	226
tig00000616_arrow__	RT_Ogre	73.214	224	60	0	8776	9447	3	226	4.82e-115	354	13543	226
tig00000616_arrow__	RT_Ogre	73.214	224	60	0	8581	9252	3	226	4.69e-115	354	13167	226
tig00000616_arrow__	RT_Ogre	73.214	224	60	0	8412	9083	3	226	4.56e-115	354	12821	226
tig00000616_arrow__	RT_Ogre	73.214	224	60	0	8236	8907	3	226	4.43e-115	354	12467	226
tig00000616_arrow__	RT_Ogre	73.214	224	60	0	8054	8725	3	226	4.30e-115	354	12106	226
tig00000616_arrow__	RT_Ogre	73.214	224	60	0	9106	9777	3	226	6.96e-115	354	19359	226
tig00000616_arrow__	RT_Ogre	73.214	224	60	0	15530	16201	3	226	9.32e-115	354	25784	226
tig00000616_arrow__	RT_Ogre	73.214	224	60	0	17855	18526	3	226	1.02e-114	354	28109	226
tig00000616_arrow__	RT_Ogre	73.214	224	60	0	16603	17274	3	226	9.72e-115	354	26848	226
tig00000616_arrow__	RT_Ogre	73.214	224	60	0	17319	17990	3	226	9.98e-115	354	27573	226
tig00000616_arrow__	RT_Ogre	73.214	224	60	0	16065	16736	3	226	9.52e-115	354	26319	226
tig00000616_arrow__	RT_Ogre	73.214	224	60	0	12488	13159	3	226	8.21e-115	354	22742	226
tig00000616_arrow__	RT_Ogre	73.214	224	60	0	15173	15844	3	226	9.19e-115	354	25427	226
tig00000616_arrow__	RT_Ogre	73.214	224	60	0	15709	16380	3	226	9.39e-115	354	25963	226
tig00000616_arrow__	RT_Ogre	73.214	224	60	0	15888	16559	3	226	9.46e-115	354	26142	226
tig00000616_arrow__	RT_Ogre	73.214	224	60	0	16782	17453	3	226	9.78e-115	354	27036	226
tig00000616_arrow__	RT_Ogre	73.214	224	60	0	12846	13517	3	226	8.34e-115	354	23100	226
tig00000616_arrow__	RT_Ogre	73.214	224	60	0	8211	8882	3	226	6.63e-115	354	18465	226
tig00000616_arrow__	RT_Ogre	73.214	224	60	0	16425	17096	3	226	9.65e-115	354	26679	226
tig00000616_arrow__	RT_Ogre	73.214	224	60	0	16961	17632	3	226	9.85e-115	354	27216	226
tig00000616_arrow__	RT_Ogre	73.214	224	60	0	15351	16022	3	226	9.26e-115	354	25605	226
tig00000616_arrow__	RT_Ogre	73.214	224	60	0	8390	9061	3	226	6.70e-115	354	18644	226
tig00000616_arrow__	RT_Ogre	73.214	224	60	0	16246	16917	3	226	9.59e-115	354	26500	226
tig00000616_arrow__	RT_Ogre	73.214	224	60	0	9991	10662	3	226	7.29e-115	354	20245	226
tig00000616_arrow__	RT_Ogre	73.214	224	60	0	9642	10313	3	226	7.16e-115	354	19896	226
tig00000616_arrow__	RT_Ogre	73.214	224	60	0	8032	8703	3	226	6.55e-115	354	18250	226
tig00000616_arrow__	RT_Ogre	73.214	224	60	0	9464	10135	3	226	7.09e-115	354	19719	226
tig00000616_arrow__	RT_Ogre	73.214	224	60	0	8570	9241	3	226	6.77e-115	354	18824	226
tig00000616_arrow__	RT_Ogre	73.214	224	60	0	11951	12622	3	226	8.01e-115	354	22205	226
tig00000616_arrow__	RT_Ogre	73.214	224	60	0	13383	14054	3	226	8.53e-115	354	23637	226
tig00000616_arrow__	RT_Ogre	73.214	224	60	0	17140	17811	3	226	9.92e-115	354	27394	226
tig00000616_arrow__	RT_Ogre	73.214	224	60	0	8749	9420	3	226	6.83e-115	354	19004	226
tig00000616_arrow__	RT_Ogre	73.214	224	60	0	14994	15665	3	226	9.11e-115	354	25214	226
tig00000616_arrow__	RT_Ogre	73.214	224	60	0	7879	8550	3	226	4.17e-115	354	11752	226
tig00000616_arrow__	RT_Ogre	73.214	224	60	0	13018	13689	3	226	8.40e-115	354	23269	226
tig00000616_arrow__	RT_Ogre	73.214	224	60	0	14636	15307	3	226	9.00e-115	354	24890	226
tig00000616_arrow__	RT_Ogre	73.214	224	60	0	12309	12980	3	226	8.14e-115	354	22560	226
tig00000616_arrow__	RT_Ogre	73.214	224	60	0	11235	11906	3	226	7.74e-115	354	21486	226
tig00000616_arrow__	RT_Ogre	73.214	224	60	0	14099	14770	3	226	8.80e-115	354	24353	226
tig00000616_arrow__	RT_Ogre	73.214	224	60	0	9822	10493	3	226	7.23e-115	354	20075	226
tig00000616_arrow__	RT_Ogre	73.214	224	60	0	12130	12801	3	226	8.07e-115	354	22385	226
tig00000616_arrow__	RT_Ogre	73.214	224	60	0	11772	12443	3	226	7.93e-115	354	21992	226
tig00000616_arrow__	RT_Ogre	73.214	224	60	0	17497	18168	3	226	1.00e-114	354	27751	226
tig00000616_arrow__	RT_Ogre	73.214	224	60	0	13920	14591	3	226	8.73e-115	354	24173	226
tig00000616_arrow__	RT_Ogre	73.214	224	60	0	14457	15128	3	226	8.92e-115	354	24674	226
tig00000616_arrow__	RT_Ogre	73.214	224	60	0	17675	18346	3	226	1.01e-114	354	27895	226
tig00000616_arrow__	RT_Ogre	73.214	224	60	0	13562	14233	3	226	8.60e-115	354	23816	226
tig00000616_arrow__	RT_Ogre	73.214	224	60	0	10161	10832	3	226	7.35e-115	354	20415	226
tig00000616_arrow__	RT_Ogre	73.214	224	60	0	14278	14949	3	226	8.86e-115	354	24532	226
tig00000616_arrow__	RT_Ogre	73.214	224	60	0	14815	15486	3	226	9.06e-115	354	25059	226
tig00000616_arrow__	RT_Ogre	73.214	224	60	0	13204	13875	3	226	8.47e-115	354	23458	226
tig00000616_arrow__	RT_Ogre	73.214	224	60	0	8927	9598	3	226	6.90e-115	354	19181	226
tig00000616_arrow__	RT_Ogre	73.214	224	60	0	9285	9956	3	226	7.03e-115	354	19539	226
tig00000616_arrow__	RT_Ogre	73.214	224	60	0	11414	12085	3	226	7.81e-115	354	21668	226
tig00000616_arrow__	RT_Ogre	73.214	224	60	0	13741	14412	3	226	8.67e-115	354	23995	226
tig00000616_arrow__	RT_Ogre	73.214	224	60	0	7853	8524	3	226	6.43e-115	354	17900	226
tig00000616_arrow__	RT_Ogre	73.214	224	60	0	10877	11548	3	226	7.61e-115	354	21131	226
tig00000616_arrow__	RT_Ogre	73.214	224	60	0	11056	11727	3	226	7.67e-115	354	21276	226
tig00000616_arrow__	RT_Ogre	73.214	224	60	0	10342	11013	3	226	7.42e-115	354	20596	226
tig00000616_arrow__	RT_Ogre	73.214	224	60	0	7701	8372	3	226	4.03e-115	354	11387	226
tig00000616_arrow__	RT_Ogre	73.214	224	60	0	10521	11192	3	226	7.48e-115	354	20775	226
tig00000616_arrow__	RT_Ogre	73.214	224	60	0	7672	8343	3	226	6.30e-115	354	17545	226
tig00000616_arrow__	RT_Ogre	73.214	224	60	0	17897	18568	3	226	1.02e-114	354	28151	226
tig00000616_arrow__	RT_Ogre	73.214	224	60	0	7522	8193	3	226	3.90e-115	354	11037	226
tig00000616_arrow__	RT_Ogre	73.214	224	60	0	7495	8166	3	226	6.16e-115	354	17175	226
tig00000616_arrow__	RT_Ogre	73.214	224	60	0	7342	8013	3	226	3.77e-115	354	10678	226
tig00000616_arrow__	RT_Ogre	73.214	224	60	0	7164	7835	3	226	3.64e-115	354	10312	226
tig00000616_arrow__	RT_Ogre	73.214	224	60	0	7316	7987	3	226	6.03e-115	354	16826	226
tig00000616_arrow__	RT_Ogre	73.214	224	60	0	7136	7807	3	226	5.90e-115	354	16467	226
tig00000616_arrow__	RT_Ogre	73.214	224	60	0	6981	7652	3	226	3.51e-115	354	9959	226
tig00000616_arrow__	RT_Ogre	73.214	224	60	0	17912	18583	3	226	1.02e-114	354	28132	226
tig00000616_arrow__	RT_Ogre	73.214	224	60	0	6957	7628	3	226	5.77e-115	354	16114	226
tig00000634_arrow__	RT_Tat4-1	57.018	114	49	0	11655	11996	1	114	1.38e-58	137	18953	226
tig00000634_arrow__	RT_Tat4-1	57.018	114	49	0	10151	10492	1	114	1.37e-58	137	18824	226
tig00000638_arrow__	RT_Ogre	31.183	93	64	0	5910	6188	27	119	7.49e-10	52.0	17695	226
tig00000638_arrow__	RT_Ogre	31.183	93	64	0	7179	7457	27	119	7.24e-10	52.0	17110	226
tig00000643_arrow__	RT_Ogre	72.072	222	62	0	8290	8955	2	223	2.26e-109	338	17313	226
tig00000644_arrow__	RT_Ogre	67.553	188	61	0	8588	9151	5	192	4.93e-81	257	18137	226
tig00000696_arrow__	RT_Ogre	74.554	224	57	0	11336	12007	3	226	3.41e-118	364	20324	226
tig00000731_arrow__	RT_Ogre	31.472	197	133	2	1	588	27	222	3.05e-29	107	9914	226
tig00000731_arrow__	RT_Ogre	31.472	197	133	2	7146	7733	27	222	3.05e-29	107	9907	226
tig00000731_arrow__	RT_Ogre	31.472	197	133	2	1	588	27	222	3.05e-29	107	9917	226
tig00000731_arrow__	RT_Ogre	31.472	197	133	2	4289	4876	27	222	2.16e-29	107	7142	226
tig00000731_arrow__	RT_Ogre	30.808	198	135	2	2861	2271	26	222	1.69e-28	105	7146	226
tig00000768_arrow__	RT_Ogre	72.889	225	61	0	9618	10292	2	226	2.34e-101	315	17645	226
tig00000787_arrow__	RT_Athila4-1	77.604	192	43	0	4066	4641	23	214	1.54e-95	299	10722	244
tig00000787_arrow__	RT_Athila4-1	77.604	192	43	0	2838	3413	23	214	1.03e-95	299	7343	244
tig00000787_arrow__	RT_Athila4-1	77.604	192	43	0	4066	4641	23	214	1.03e-95	299	7342	244
tig00000794_arrow__	RT_Ogre	76.339	224	53	0	9347	10018	2	225	1.68e-106	330	17424	226
tig00000818_arrow__	RT_Ogre	30.097	206	134	4	7041	7655	26	222	8.19e-25	94.7	7948	226
tig00000818_arrow__	RT_Ogre	30.097	206	134	4	7423	8037	26	222	1.36e-24	94.7	12189	226
tig00000818_arrow__	RT_Ogre	30.097	206	134	4	8483	9097	26	222	1.36e-24	94.7	12192	226
tig00000818_arrow__	RT_Ogre	30.097	206	134	4	7424	8038	26	222	1.14e-24	94.7	10282	226
tig00000818_arrow__	RT_Ogre	30.097	206	134	4	8507	9121	26	222	1.14e-24	94.7	10294	226
tig00000856_arrow__	RT_Ogre	30.653	199	136	2	9894	10487	26	223	1.42e-27	103	19744	226
tig00000856_arrow__	RT_Ogre	30.653	199	136	2	12951	13544	26	223	1.21e-27	103	16932	226
tig00000886_arrow__	RT_Ogre	70.222	225	67	0	9772	10446	2	226	8.44e-110	340	22364	226
tig00000894_arrow__	RT_Ogre	28.571	140	98	2	3752	4168	85	223	5.48e-21	68.9	6379	226
tig00000955_arrow__	RT_Ogre	31.847	157	105	2	12578	13045	71	226	3.00e-21	85.9	22127	226
tig00001010_arrow__	RT_Ogre	75.556	225	55	0	9494	10168	2	226	1.56e-106	330	17491	226
tig00001014_arrow__	RT_Athila4-1	68.852	244	76	0	3784	4515	1	244	3.00e-110	341	9227	244
tig00001092_arrow__	RT_Ogre	70.354	226	67	0	9457	10134	1	226	7.53e-93	291	18116	226
tig00001126_arrow__	RT_Athila4-1	35.652	115	73	1	13163	13504	47	161	1.48e-20	84.7	31433	244
tig00001126_arrow__	RT_Athila4-1	35.652	115	73	1	17910	18251	47	161	1.29e-20	84.7	27536	244
tig00001126_arrow__	RT_Athila4-1	35.652	115	73	1	14244	14585	47	161	1.21e-20	84.7	25906	244
tig00001132_arrow__	RT_Ogre	67.556	225	73	0	1805	2479	2	226	3.42e-100	312	20406	226
tig00001153_arrow__	RT_Ogre	75.000	132	33	0	11364	11759	63	194	4.06e-66	213	20718	226
tig00001155_arrow__	RT_Ogre	29.798	198	137	2	6456	7046	26	222	4.37e-27	101	9318	226
tig00001169_arrow__	RT_Ogre	68.444	225	71	0	10564	11238	2	226	1.51e-93	293	18392	226
tig00001169_arrow__	RT_Ogre	68.444	225	71	0	8309	8983	2	226	1.41e-93	293	17215	226
tig00001208_arrow__	RT_Ogre	29.474	190	132	2	2	568	34	222	2.26e-27	101	5404	226
tig00001208_arrow__	RT_Ogre	30.303	198	136	2	2636	3226	26	222	2.26e-30	110	5405	226
tig00001280_arrow__	RT_Ogre	74.554	224	57	0	9727	10398	3	226	1.52e-103	322	17495	226
tig00001357_arrow__	RT_Ogre	63.014	146	53	1	10343	10777	37	182	1.54e-55	184	21874	226
tig00001357_arrow__	RT_Ogre	63.014	146	53	1	11410	11844	37	182	1.48e-55	184	21045	226
tig00001400_arrow__	RT_Ogre	75.714	140	34	0	12268	12687	3	142	4.36e-82	228	20553	226
tig00001400_arrow__	RT_Ogre	75.714	140	34	0	10101	10520	3	142	5.54e-82	228	26401	226
tig00001400_arrow__	RT_Ogre	75.714	140	34	0	12268	12687	3	142	5.54e-82	228	26418	226
tig00001400_arrow__	RT_Ogre	75.714	140	34	0	8743	9162	3	142	4.82e-82	228	22860	226
tig00001400_arrow__	RT_Ogre	75.714	140	34	0	10110	10529	3	142	4.81e-82	228	22828	226
tig00001400_arrow__	RT_Ogre	75.714	140	34	0	10110	10529	3	142	4.19e-82	228	19765	226
tig00001400_arrow__	RT_Ogre	75.714	140	34	0	14632	15051	3	142	6.88e-82	228	32980	226
tig00001417_arrow__	RT_Ogre	71.622	222	63	0	10011	10676	5	226	4.96e-97	303	18544	226
tig00001445_arrow__	RT_Ogre	65.842	202	69	0	12066	12671	25	226	1.25e-89	282	21265	226
tig00001473_arrow__	RT_Ogre	67.411	224	73	0	12694	13365	3	226	1.68e-102	319	21221	226
tig00001490_arrow__	RT_Ogre	71.749	223	63	0	11193	11861	4	226	7.11e-101	314	19963	226
tig00001553_arrow__	RT_Ogre	29.775	178	123	2	3581	4111	46	222	4.31e-23	89.0	4906	226
tig00001558_arrow__	RT_Ogre	30.303	198	136	2	3047	3637	26	222	1.48e-29	107	4321	226
tig00001558_arrow__	RT_Ogre	29.949	197	136	2	1269	682	27	222	1.41e-27	102	4312	226
tig00001606_arrow__	RT_Ogre	73.778	225	59	0	8952	9626	2	226	1.07e-102	319	17315	226
tig00001619_arrow__	RT_Ogre	29.907	214	144	3	11537	12175	14	222	9.76e-31	112	14322	226
tig00001677_arrow__	RT_Ogre	30.808	198	135	2	4238	4828	26	222	3.63e-27	101	7035	226
tig00001677_arrow__	RT_Ogre	30.808	198	135	2	6293	6883	26	222	3.63e-27	101	7029	226
tig00001685_arrow__	RT_Ogre	29.442	197	137	2	10981	11568	27	222	1.70e-25	97.8	17442	226
tig00001711_arrow__	RT_Ogre	42.727	110	63	0	8278	8607	5	114	2.18e-21	85.5	14646	226
tig00001748_arrow__	RT_Ogre	66.518	224	75	0	8362	9033	3	226	1.90e-95	298	17225	226
tig00001764_arrow__	RT_Ogre	36.652	221	139	1	5496	4837	2	222	8.19e-46	155	10368	226
tig00001768_arrow__	RT_Ogre	71.429	98	28	0	6179	6472	42	139	2.77e-62	148	17442	226
tig00001789_arrow__	RT_Ogre	74.107	224	58	0	10455	11126	3	226	1.29e-116	359	19119	226
tig00001906_arrow__	RT_Ogre	30.303	198	136	2	6723	7313	26	222	3.06e-26	99.8	16399	226
tig00001906_arrow__	RT_Ogre	30.303	198	136	2	3874	4464	26	222	2.91e-26	99.8	15624	226
tig00001990_arrow__	RT_Ogre	29.798	198	137	2	3296	3886	26	222	7.99e-27	100	6118	226
tig00001990_arrow__	RT_Ogre	29.798	198	137	2	4407	4997	26	222	7.97e-27	100	6112	226
tig00002028_arrow__	RT_Ogre	75.556	225	55	0	14241	14915	2	226	1.26e-105	328	32844	226
tig00002028_arrow__	RT_Ogre	75.556	225	55	0	9527	10201	2	226	6.72e-106	328	17790	226
tig00002029_arrow__	RT_Ogre	29.798	198	137	2	5805	6395	26	222	1.73e-30	111	8556	226
tig00002055_arrow__	RT_Ogre	29.703	202	140	2	846	1448	26	226	4.33e-27	100	3685	226
tig00002055_arrow__	RT_Ogre	29.798	198	137	2	2861	2271	26	222	1.54e-25	95.9	3706	226
tig00002294_arrow__	RT_Ogre	75.556	225	55	0	9264	9938	2	226	3.38e-106	329	17258	226
tig00002322_arrow__	RT_Ogre	74.439	223	57	0	13683	14351	4	226	7.96e-117	360	32280	226
tig00002322_arrow__	RT_Ogre	74.439	223	57	0	13856	14524	4	226	7.41e-117	360	30057	226
tig00002322_arrow__	RT_Ogre	74.439	223	57	0	15429	16097	4	226	7.79e-117	360	31605	226
tig00002322_arrow__	RT_Ogre	74.439	223	57	0	14747	15415	4	226	7.63e-117	360	30940	226
tig00002322_arrow__	RT_Ogre	74.439	223	57	0	15105	15773	4	226	7.72e-117	360	31315	226
tig00002322_arrow__	RT_Ogre	74.439	223	57	0	14928	15596	4	226	7.67e-117	360	31117	226
tig00002322_arrow__	RT_Ogre	74.439	223	57	0	14392	15060	4	226	7.54e-117	360	30585	226
tig00002322_arrow__	RT_Ogre	74.439	223	57	0	14034	14702	4	226	7.45e-117	360	30228	226
tig00002322_arrow__	RT_Ogre	74.439	223	57	0	14573	15241	4	226	7.59e-117	360	30783	226
tig00002322_arrow__	RT_Ogre	74.439	223	57	0	14213	14881	4	226	7.50e-117	360	30407	226
tig00002322_arrow__	RT_Ogre	74.439	223	57	0	15340	16008	4	226	7.77e-117	360	31517	226
tig00002322_arrow__	RT_Ogre	74.439	223	57	0	7181	7849	4	226	5.68e-117	360	23162	226
tig00002322_arrow__	RT_Ogre	74.439	223	57	0	7181	7849	4	226	5.74e-117	360	23374	226
tig00002322_arrow__	RT_Ogre	74.439	223	57	0	13490	14158	4	226	7.28e-117	360	29545	226
tig00002322_arrow__	RT_Ogre	74.439	223	57	0	6852	7520	4	226	5.51e-117	360	22475	226
tig00002322_arrow__	RT_Ogre	74.439	223	57	0	7181	7849	4	226	5.73e-117	360	23340	226
tig00002322_arrow__	RT_Ogre	74.439	223	57	0	7024	7692	4	226	5.60e-117	360	22826	226
tig00002322_arrow__	RT_Ogre	74.439	223	57	0	15340	16008	4	226	7.78e-117	360	31530	226
tig00002322_arrow__	RT_Ogre	74.439	223	57	0	13319	13987	4	226	7.19e-117	360	29189	226
tig00002322_arrow__	RT_Ogre	74.439	223	57	0	15340	16008	4	226	7.78e-117	360	31533	226
tig00002322_arrow__	RT_Ogre	74.439	223	57	0	15429	16097	4	226	7.80e-117	360	31622	226
tig00002322_arrow__	RT_Ogre	74.439	223	57	0	7181	7849	4	226	5.73e-117	360	23358	226
tig00002322_arrow__	RT_Ogre	74.439	223	57	0	13140	13808	4	226	7.10e-117	360	28837	226
tig00002322_arrow__	RT_Ogre	74.439	223	57	0	6666	7334	4	226	5.42e-117	360	22116	226
tig00002322_arrow__	RT_Ogre	74.439	223	57	0	12961	13629	4	226	7.01e-117	360	28479	226
tig00002322_arrow__	RT_Ogre	74.439	223	57	0	7181	7849	4	226	5.74e-117	360	23372	226
tig00002322_arrow__	RT_Ogre	74.439	223	57	0	12781	13449	4	226	6.92e-117	360	28120	226
tig00002322_arrow__	RT_Ogre	74.439	223	57	0	6487	7155	4	226	5.33e-117	360	21751	226
tig00002322_arrow__	RT_Ogre	74.439	223	57	0	15429	16097	4	226	7.79e-117	360	31606	226
tig00002322_arrow__	RT_Ogre	74.439	223	57	0	7183	7851	4	226	5.74e-117	360	23376	226
tig00002322_arrow__	RT_Ogre	74.439	223	57	0	12609	13277	4	226	6.84e-117	360	27767	226
tig00002322_arrow__	RT_Ogre	74.439	223	57	0	6308	6976	4	226	5.24e-117	360	21393	226
tig00002322_arrow__	RT_Ogre	74.439	223	57	0	7166	7834	4	226	5.74e-117	360	23376	226
tig00002322_arrow__	RT_Ogre	74.439	223	57	0	6129	6797	4	226	5.15e-117	360	21037	226
tig00002322_arrow__	RT_Ogre	74.439	223	57	0	12431	13099	4	226	6.75e-117	360	27412	226
tig00002322_arrow__	RT_Ogre	74.439	223	57	0	7166	7834	4	226	5.73e-117	360	23359	226
tig00002322_arrow__	RT_Ogre	74.439	223	57	0	5956	6624	4	226	5.07e-117	360	20686	226
tig00002322_arrow__	RT_Ogre	74.439	223	57	0	12246	12914	4	226	6.66e-117	360	27050	226
tig00002322_arrow__	RT_Ogre	74.439	223	57	0	7177	7845	4	226	5.74e-117	360	23370	226
tig00002322_arrow__	RT_Ogre	74.439	223	57	0	5771	6439	4	226	4.97e-117	360	20322	226
tig00002322_arrow__	RT_Ogre	74.439	223	57	0	12067	12735	4	226	6.57e-117	360	26690	226
tig00002322_arrow__	RT_Ogre	74.439	223	57	0	5562	6230	4	226	4.88e-117	360	19934	226
tig00002322_arrow__	RT_Ogre	74.439	223	57	0	15340	16008	4	226	7.78e-117	360	31531	226
tig00002322_arrow__	RT_Ogre	74.439	223	57	0	11887	12555	4	226	6.48e-117	360	26333	226
tig00002322_arrow__	RT_Ogre	74.439	223	57	0	5427	6095	4	226	4.80e-117	360	19616	226
tig00002322_arrow__	RT_Ogre	74.439	223	57	0	11715	12383	4	226	6.39e-117	360	25980	226
tig00002322_arrow__	RT_Ogre	74.439	223	57	0	7176	7844	4	226	5.73e-117	360	23353	226
tig00002322_arrow__	RT_Ogre	74.439	223	57	0	5249	5917	4	226	4.71e-117	360	19263	226
tig00002322_arrow__	RT_Ogre	74.439	223	57	0	5070	5738	4	226	4.62e-117	360	18904	226
tig00002322_arrow__	RT_Ogre	74.439	223	57	0	11530	12198	4	226	6.30e-117	360	25618	226
tig00002322_arrow__	RT_Ogre	74.439	223	57	0	15429	16097	4	226	7.80e-117	360	31618	226
tig00002322_arrow__	RT_Ogre	74.439	223	57	0	11357	12025	4	226	6.21e-117	360	25263	226
tig00002322_arrow__	RT_Ogre	74.439	223	57	0	4712	5380	4	226	4.44e-117	360	18189	226
tig00002322_arrow__	RT_Ogre	74.439	223	57	0	4891	5559	4	226	4.53e-117	360	18545	226
tig00002322_arrow__	RT_Ogre	74.439	223	57	0	11170	11838	4	226	6.11e-117	360	24843	226
tig00002322_arrow__	RT_Ogre	74.439	223	57	0	10993	11661	4	226	6.03e-117	360	24544	226
tig00002322_arrow__	RT_Ogre	74.439	223	57	0	15332	16000	4	226	7.78e-117	360	31525	226
tig00002322_arrow__	RT_Ogre	74.439	223	57	0	15429	16097	4	226	7.80e-117	360	31639	226
tig00002322_arrow__	RT_Ogre	74.439	223	57	0	4536	5204	4	226	4.35e-117	360	17834	226
tig00002322_arrow__	RT_Ogre	74.439	223	57	0	10821	11489	4	226	5.94e-117	360	24193	226
tig00002322_arrow__	RT_Ogre	74.439	223	57	0	4353	5021	4	226	4.26e-117	360	17475	226
tig00002322_arrow__	RT_Ogre	74.439	223	57	0	10642	11310	4	226	5.85e-117	360	23838	226
tig00002322_arrow__	RT_Ogre	74.439	223	57	0	7181	7849	4	226	5.74e-117	360	23370	226
tig00002322_arrow__	RT_Ogre	74.439	223	57	0	10457	11125	4	226	5.76e-117	360	23474	226
tig00002322_arrow__	RT_Ogre	74.439	223	57	0	4175	4843	4	226	4.17e-117	360	17118	226
tig00002322_arrow__	RT_Ogre	74.439	223	57	0	15429	16097	4	226	7.80e-117	360	31619	226
tig00002322_arrow__	RT_Ogre	74.439	223	57	0	3996	4664	4	226	4.08e-117	360	16760	226
tig00002322_arrow__	RT_Ogre	74.439	223	57	0	10270	10938	4	226	5.67e-117	360	23108	226
tig00002322_arrow__	RT_Ogre	74.439	223	57	0	3818	4486	4	226	4.00e-117	360	16403	226
tig00002322_arrow__	RT_Ogre	74.439	223	57	0	10099	10767	4	226	5.58e-117	360	22758	226
tig00002322_arrow__	RT_Ogre	74.439	223	57	0	3639	4307	4	226	3.91e-117	360	16046	226
tig00002322_arrow__	RT_Ogre	74.439	223	57	0	9920	10588	4	226	5.49e-117	360	22401	226
tig00002322_arrow__	RT_Ogre	74.439	223	57	0	4923	5591	4	226	5.77e-117	360	23520	226
tig00002322_arrow__	RT_Ogre	74.439	223	57	0	14245	14913	4	226	8.10e-117	360	32842	226
tig00002322_arrow__	RT_Ogre	74.439	223	57	0	15140	15808	4	226	8.33e-117	360	33737	226
tig00002322_arrow__	RT_Ogre	74.439	223	57	0	9748	10416	4	226	5.41e-117	360	22052	226
tig00002322_arrow__	RT_Ogre	74.439	223	57	0	14603	15271	4	226	8.19e-117	360	33200	226
tig00002322_arrow__	RT_Ogre	74.439	223	57	0	5102	5770	4	226	5.82e-117	360	23699	226
tig00002322_arrow__	RT_Ogre	74.439	223	57	0	3461	4129	4	226	3.82e-117	360	15691	226
tig00002322_arrow__	RT_Ogre	74.439	223	57	0	14424	15092	4	226	8.15e-117	360	33021	226
tig00002322_arrow__	RT_Ogre	74.439	223	57	0	13888	14556	4	226	8.01e-117	360	32481	226
tig00002322_arrow__	RT_Ogre	74.439	223	57	0	4744	5412	4	226	5.73e-117	360	23341	226
tig00002322_arrow__	RT_Ogre	74.439	223	57	0	13709	14377	4	226	7.97e-117	360	32306	226
tig00002322_arrow__	RT_Ogre	74.439	223	57	0	5459	6127	4	226	5.91e-117	360	24056	226
tig00002322_arrow__	RT_Ogre	74.439	223	57	0	14066	14734	4	226	8.06e-117	360	32663	226
tig00002322_arrow__	RT_Ogre	74.439	223	57	0	12278	12946	4	226	7.61e-117	360	30872	226
tig00002322_arrow__	RT_Ogre	74.439	223	57	0	11025	11693	4	226	7.30e-117	360	29622	226
tig00002322_arrow__	RT_Ogre	74.439	223	57	0	4386	5054	4	226	5.64e-117	360	22983	226
tig00002322_arrow__	RT_Ogre	74.439	223	57	0	15318	15986	4	226	8.37e-117	360	33914	226
tig00002322_arrow__	RT_Ogre	74.439	223	57	0	14782	15450	4	226	8.24e-117	360	33373	226
tig00002322_arrow__	RT_Ogre	74.439	223	57	0	5624	6292	4	226	5.95e-117	360	24221	226
tig00002322_arrow__	RT_Ogre	74.439	223	57	0	5281	5949	4	226	5.86e-117	360	23878	226
tig00002322_arrow__	RT_Ogre	74.439	223	57	0	11383	12051	4	226	7.39e-117	360	29980	226
tig00002322_arrow__	RT_Ogre	74.439	223	57	0	13530	14198	4	226	7.92e-117	360	32123	226
tig00002322_arrow__	RT_Ogre	74.439	223	57	0	6698	7366	4	226	6.22e-117	360	25295	226
tig00002322_arrow__	RT_Ogre	74.439	223	57	0	3280	3948	4	226	3.73e-117	360	15331	226
tig00002322_arrow__	RT_Ogre	74.439	223	57	0	12993	13661	4	226	7.79e-117	360	31590	226
tig00002322_arrow__	RT_Ogre	74.439	223	57	0	9952	10620	4	226	7.03e-117	360	28549	226
tig00002322_arrow__	RT_Ogre	74.439	223	57	0	3493	4161	4	226	5.42e-117	360	22090	226
tig00002322_arrow__	RT_Ogre	74.439	223	57	0	12635	13303	4	226	7.70e-117	360	31232	226
tig00002322_arrow__	RT_Ogre	74.439	223	57	0	12099	12767	4	226	7.57e-117	360	30696	226
tig00002322_arrow__	RT_Ogre	74.439	223	57	0	6161	6829	4	226	6.08e-117	360	24758	226
tig00002322_arrow__	RT_Ogre	74.439	223	57	0	5804	6472	4	226	5.99e-117	360	24401	226
tig00002322_arrow__	RT_Ogre	74.439	223	57	0	3848	4516	4	226	5.50e-117	360	22441	226
tig00002322_arrow__	RT_Ogre	74.439	223	57	0	4565	5233	4	226	5.68e-117	360	23162	226
tig00002322_arrow__	RT_Ogre	74.439	223	57	0	12813	13481	4	226	7.75e-117	360	31410	226
tig00002322_arrow__	RT_Ogre	74.439	223	57	0	10310	10978	4	226	7.12e-117	360	28907	226
tig00002322_arrow__	RT_Ogre	74.439	223	57	0	6340	7008	4	226	6.13e-117	360	24937	226
tig00002322_arrow__	RT_Ogre	74.439	223	57	0	13172	13840	4	226	7.84e-117	360	31769	226
tig00002322_arrow__	RT_Ogre	74.439	223	57	0	4207	4875	4	226	5.60e-117	360	22804	226
tig00002322_arrow__	RT_Ogre	74.439	223	57	0	9563	10231	4	226	5.32e-117	360	21688	226
tig00002322_arrow__	RT_Ogre	74.439	223	57	0	4029	4697	4	226	5.55e-117	360	22626	226
tig00002322_arrow__	RT_Ogre	74.439	223	57	0	9774	10442	4	226	6.98e-117	360	28366	226
tig00002322_arrow__	RT_Ogre	74.439	223	57	0	10131	10799	4	226	7.08e-117	360	28728	226
tig00002322_arrow__	RT_Ogre	74.439	223	57	0	10847	11515	4	226	7.25e-117	360	29444	226
tig00002322_arrow__	RT_Ogre	74.439	223	57	0	6877	7545	4	226	6.26e-117	360	25474	226
tig00002322_arrow__	RT_Ogre	74.439	223	57	0	5982	6650	4	226	6.04e-117	360	24579	226
tig00002322_arrow__	RT_Ogre	74.439	223	57	0	14960	15628	4	226	8.28e-117	360	33557	226
tig00002322_arrow__	RT_Ogre	74.439	223	57	0	7054	7722	4	226	6.31e-117	360	25651	226
tig00002322_arrow__	RT_Ogre	74.439	223	57	0	10487	11155	4	226	7.16e-117	360	29084	226
tig00002322_arrow__	RT_Ogre	74.439	223	57	0	3671	4339	4	226	5.46e-117	360	22268	226
tig00002322_arrow__	RT_Ogre	74.439	223	57	0	11205	11873	4	226	7.34e-117	360	29802	226
tig00002322_arrow__	RT_Ogre	74.439	223	57	0	10668	11336	4	226	7.21e-117	360	29261	226
tig00002322_arrow__	RT_Ogre	74.439	223	57	0	13351	14019	4	226	7.88e-117	360	31948	226
tig00002322_arrow__	RT_Ogre	74.439	223	57	0	11562	12230	4	226	7.43e-117	360	30159	226
tig00002322_arrow__	RT_Ogre	74.439	223	57	0	12457	13125	4	226	7.66e-117	360	31048	226
tig00002322_arrow__	RT_Ogre	74.439	223	57	0	6519	7187	4	226	6.17e-117	360	25112	226
tig00002322_arrow__	RT_Ogre	74.439	223	57	0	11919	12587	4	226	7.52e-117	360	30512	226
tig00002322_arrow__	RT_Ogre	74.439	223	57	0	3314	3982	4	226	5.35e-117	360	21841	226
tig00002322_arrow__	RT_Ogre	74.439	223	57	0	11741	12409	4	226	7.48e-117	360	30338	226
tig00002322_arrow__	RT_Ogre	74.439	223	57	0	9384	10052	4	226	5.23e-117	360	21330	226
tig00002322_arrow__	RT_Ogre	74.439	223	57	0	9595	10263	4	226	6.94e-117	360	28192	226
tig00002322_arrow__	RT_Ogre	74.439	223	57	0	7176	7844	4	226	5.74e-117	360	23386	226
tig00002322_arrow__	RT_Ogre	74.439	223	57	0	7181	7849	4	226	6.34e-117	360	25778	226
tig00002322_arrow__	RT_Ogre	74.439	223	57	0	15340	16008	4	226	8.38e-117	360	33937	226
tig00002322_arrow__	RT_Ogre	74.439	223	57	0	9416	10084	4	226	6.85e-117	360	27839	226
tig00002322_arrow__	RT_Ogre	74.439	223	57	0	3109	3777	4	226	3.64e-117	360	14979	226
tig00002322_arrow__	RT_Ogre	74.439	223	57	0	3135	3803	4	226	5.26e-117	360	21484	226
tig00002322_arrow__	RT_Ogre	74.439	223	57	0	15429	16097	4	226	8.40e-117	360	34026	226
tig00002322_arrow__	RT_Ogre	74.439	223	57	0	9205	9873	4	226	5.14e-117	360	20971	226
tig00002322_arrow__	RT_Ogre	74.439	223	57	0	9237	9905	4	226	6.76e-117	360	27466	226
tig00002322_arrow__	RT_Ogre	74.439	223	57	0	2924	3592	4	226	3.55e-117	360	14623	226
tig00002322_arrow__	RT_Ogre	74.439	223	57	0	2956	3624	4	226	5.18e-117	360	21132	226
tig00002322_arrow__	RT_Ogre	74.439	223	57	0	9058	9726	4	226	6.68e-117	360	27131	226
tig00002322_arrow__	RT_Ogre	74.439	223	57	0	9026	9694	4	226	5.05e-117	360	20613	226
tig00002322_arrow__	RT_Ogre	74.439	223	57	0	2779	3447	4	226	5.09e-117	360	20777	226
tig00002322_arrow__	RT_Ogre	74.439	223	57	0	2747	3415	4	226	3.46e-117	360	14260	226
tig00002322_arrow__	RT_Ogre	74.439	223	57	0	15340	16008	4	226	8.38e-117	360	33934	226
tig00002322_arrow__	RT_Ogre	74.439	223	57	0	8879	9547	4	226	6.59e-117	360	26772	226
tig00002322_arrow__	RT_Ogre	74.439	223	57	0	7179	7847	4	226	6.33e-117	360	25753	226
tig00002322_arrow__	RT_Ogre	74.439	223	57	0	2600	3268	4	226	5.00e-117	360	20419	226
tig00002322_arrow__	RT_Ogre	74.439	223	57	0	2568	3236	4	226	3.37e-117	360	13901	226
tig00002322_arrow__	RT_Ogre	74.439	223	57	0	8847	9515	4	226	4.96e-117	360	20255	226
tig00002322_arrow__	RT_Ogre	74.439	223	57	0	15340	16008	4	226	8.38e-117	360	33931	226
tig00002322_arrow__	RT_Ogre	74.439	223	57	0	2331	2999	4	226	3.27e-117	360	13486	226
tig00002322_arrow__	RT_Ogre	74.439	223	57	0	8700	9368	4	226	6.50e-117	360	26415	226
tig00002322_arrow__	RT_Ogre	74.439	223	57	0	2231	2899	4	226	3.19e-117	360	13203	226
tig00002322_arrow__	RT_Ogre	74.439	223	57	0	7177	7845	4	226	5.74e-117	360	23387	226
tig00002322_arrow__	RT_Ogre	74.439	223	57	0	2421	3089	4	226	4.91e-117	360	20062	226
tig00002322_arrow__	RT_Ogre	74.439	223	57	0	8668	9336	4	226	4.87e-117	360	19894	226
tig00002322_arrow__	RT_Ogre	74.439	223	57	0	8496	9164	4	226	4.78e-117	360	19546	226
tig00002322_arrow__	RT_Ogre	74.439	223	57	0	8522	9190	4	226	6.41e-117	360	26058	226
tig00002322_arrow__	RT_Ogre	74.439	223	57	0	7177	7845	4	226	6.34e-117	360	25768	226
tig00002322_arrow__	RT_Ogre	74.439	223	57	0	15338	16006	4	226	8.38e-117	360	33935	226
tig00002322_arrow__	RT_Ogre	74.439	223	57	0	8311	8979	4	226	4.69e-117	360	19183	226
tig00002322_arrow__	RT_Ogre	74.439	223	57	0	7177	7845	4	226	6.34e-117	360	25771	226
tig00002322_arrow__	RT_Ogre	74.439	223	57	0	8343	9011	4	226	6.32e-117	360	25700	226
tig00002322_arrow__	RT_Ogre	74.439	223	57	0	2084	2752	4	226	4.74e-117	360	19367	226
tig00002322_arrow__	RT_Ogre	74.439	223	57	0	2052	2720	4	226	3.11e-117	360	12850	226
tig00021141_arrow__	RT_Ogre	74.888	223	56	0	11424	12092	4	226	6.86e-118	363	20950	226
tig00021143_arrow__	RT_Athila4-1	72.131	244	68	0	7097	7828	1	244	9.17e-117	360	12449	244
tig00021143_arrow__	RT_Athila4-1	72.131	244	68	0	16209	16940	1	244	2.14e-116	360	28382	244
tig00021150_arrow__	RT_Ogre	29.798	198	137	2	1286	1876	26	222	4.21e-26	98.2	5395	226
tig00021150_arrow__	RT_Ogre	29.798	198	137	2	3202	3792	26	222	4.19e-26	98.2	5377	226
tig00021151_arrow__	RT_Ogre	76.444	225	53	0	9659	10333	2	226	7.83e-108	334	18062	226
tig00021153_arrow__	RT_Ogre	69.507	223	68	0	10181	10849	4	226	1.98e-108	336	20163	226
tig00021153_arrow__	RT_Ogre	69.507	223	68	0	16531	17199	4	226	3.21e-108	336	32475	226
tig00021153_arrow__	RT_Ogre	69.507	223	68	0	10637	11305	4	226	1.86e-108	336	19015	226
tig00021156_arrow__	RT_Ogre	28.177	181	128	2	928	1467	47	226	4.66e-19	77.0	3647	226
tig00021156_arrow__	RT_Ogre	29.208	202	141	2	2799	2197	26	226	4.95e-28	103	3664	226
tig00021156_arrow__	RT_Ogre	76.000	225	54	0	9490	10164	2	226	5.18e-107	332	17612	226
tig00021175_arrow__	RT_Ogre	73.094	223	60	0	11334	12002	4	226	5.32e-116	357	20330	226
tig00021177_arrow__	RT_Ogre	73.333	225	60	0	4369	5043	2	226	6.30e-117	359	12160	226
tig00021179_arrow__	RT_Ogre	68.750	224	70	0	13315	13986	3	226	3.43e-104	324	22860	226
tig00021179_arrow__	RT_Ogre	68.750	224	70	0	14471	15142	3	226	3.32e-104	324	22148	226
tig00021182_arrow__	RT_Athila4-1	72.131	244	68	0	4016	4747	1	244	3.38e-103	320	9431	244
tig00021183_arrow__	RT_Athila4-1	71.429	196	56	0	4220	4807	1	196	2.39e-89	274	9630	244
tig00021184_arrow__	RT_Athila4-1	71.429	196	56	0	4221	4808	1	196	2.39e-89	274	9631	244
tig00021185_arrow__	RT_Ogre	36.150	213	125	5	2743	3366	20	226	1.98e-44	150	5300	226
tig00021197_arrow__	RT_Ogre	72.444	225	62	0	9758	10432	2	226	5.72e-111	343	18095	226
tig00021205_arrow__	RT_Ogre	68.831	154	48	0	11683	12144	73	226	4.95e-85	224	19933	226
tig00021205_arrow__	RT_Ogre	68.831	154	48	0	10039	10500	73	226	4.85e-85	224	19517	226
tig00021208_arrow__	RT_Ogre	73.543	223	59	0	15099	15767	4	226	4.72e-116	358	24236	226
tig00021213_arrow__	RT_Ogre	68.750	224	70	0	12044	12715	3	226	2.30e-108	335	20859	226
tig00021220_arrow__	RT_Ogre	73.333	225	60	0	9967	10641	2	226	9.69e-103	319	18649	226
tig00021223_arrow__	RT_Ogre	72.444	225	62	0	9500	10174	2	226	2.50e-101	315	16524	226
tig00021223_arrow__	RT_Ogre	72.444	225	62	0	8214	8888	2	226	2.51e-101	315	16578	226
tig00021225_arrow__	RT_Ogre	73.333	225	60	0	7958	8632	2	226	1.80e-101	315	16533	226
tig00021229_arrow__	RT_Ogre	73.778	225	59	0	9682	10356	2	226	9.55e-116	357	18049	226
tig00021231_arrow__	RT_Athila4-1	33.333	150	89	2	12789	13235	47	186	8.77e-22	87.4	17192	244
tig00021231_arrow__	RT_Athila4-1	33.333	150	89	2	8997	9443	47	186	7.93e-22	87.4	15596	244
tig00021231_arrow__	RT_Athila4-1	33.333	150	89	2	6425	6871	47	186	7.39e-22	87.4	14577	244
tig00021231_arrow__	RT_Athila4-1	33.333	150	89	2	6419	6865	47	186	8.48e-22	87.4	16633	244
tig00021236_arrow__	RT_Ogre	73.333	225	60	0	9947	10621	2	226	1.19e-101	316	18555	226
tig00021242_arrow__	RT_Ogre	72.889	225	61	0	9131	9805	2	226	1.97e-100	313	17429	226
tig00021261_arrow__	RT_Ogre	72.889	225	61	0	9602	10276	2	226	4.56e-101	315	17987	226
tig00021262_arrow__	RT_Ogre	71.556	225	64	0	10004	10678	2	226	3.04e-98	306	16934	226
tig00021264_arrow__	RT_Ogre	70.186	161	48	0	12288	12770	65	225	2.29e-83	239	20092	226
tig00021266_arrow__	RT_Ogre	73.543	223	59	0	7081	7749	4	226	1.67e-114	353	20177	226
tig00021268_arrow__	RT_Ogre	69.196	224	69	0	7542	8213	3	226	3.83e-109	338	20588	226
tig00021268_arrow__	RT_Ogre	69.196	224	69	0	13582	14253	3	226	4.09e-109	338	21986	226
tig00021274_arrow__	RT_Ogre	71.556	225	64	0	10193	10867	2	226	1.23e-97	305	19038	226
tig00021277_arrow__	RT_Ogre	29.661	118	82	1	5893	6243	27	144	1.70e-13	62.8	17708	226
tig00021277_arrow__	RT_Ogre	29.661	118	82	1	7161	7511	27	144	1.65e-13	62.8	17131	226
tig00021282_arrow__	RT_Athila4-1	61.935	155	59	0	4263	4727	82	236	9.33e-81	209	8939	244
tig00021284_arrow__	RT_Ogre	72.000	225	63	0	9984	10658	2	226	1.07e-100	313	18495	226
tig00021287_arrow__	RT_Ogre	75.111	225	56	0	9261	9935	2	226	3.98e-116	357	16661	226
tig00021294_arrow__	RT_Tat4-1	47.692	130	68	0	9374	9763	95	224	5.82e-62	135	18653	226
tig00021296_arrow__	RT_Ogre	72.197	223	62	0	11210	11878	4	226	2.58e-113	350	20781	226
tig00021297_arrow__	RT_Ogre	67.556	225	73	0	9806	10480	2	226	3.03e-100	312	17332	226
tig00021297_arrow__	RT_Ogre	67.556	225	73	0	1814	2488	2	226	3.59e-100	312	20417	226
tig00021297_arrow__	RT_Ogre	67.556	225	73	0	7293	7967	2	226	3.26e-100	312	18592	226
tig00021298_arrow__	RT_Ogre	68.000	225	72	0	12154	12828	2	226	1.01e-99	311	19821	226
tig00021300_arrow__	RT_Ogre	78.750	160	34	0	10470	10949	36	195	2.32e-87	275	19172	226
tig00021301_arrow__	RT_Ogre	68.927	177	55	0	7858	8388	50	226	7.01e-80	254	15680	226
tig00021302_arrow__	RT_Ogre	70.721	222	65	0	8236	8901	5	226	3.76e-110	340	16427	226
tig00021307_arrow__	RT_Ogre	74.554	224	57	0	11356	12027	3	226	1.83e-117	362	20578	226
tig00021309_arrow__	RT_Ogre	73.661	224	59	0	11355	12026	3	226	5.43e-117	360	20337	226
tig00021311_arrow__	RT_Ogre	29.730	222	150	3	7708	8370	10	226	3.72e-25	96.7	16457	226
tig00021311_arrow__	RT_Ogre	29.730	222	150	3	9869	10531	10	226	4.57e-25	96.7	20083	226
tig00021311_arrow__	RT_Ogre	29.730	222	150	3	9891	10553	10	226	3.31e-25	96.7	14695	226
tig00021311_arrow__	RT_Ogre	29.730	222	150	3	7694	8356	10	226	4.77e-25	96.7	20958	226
tig00021312_arrow__	RT_Ogre	30.180	222	149	3	7425	8087	10	226	7.22e-26	98.6	15067	226
tig00021312_arrow__	RT_Ogre	30.180	222	149	3	9586	10248	10	226	9.57e-26	98.6	19808	226
tig00021312_arrow__	RT_Ogre	30.180	222	149	3	9602	10264	10	226	6.90e-26	98.6	14403	226
tig00021312_arrow__	RT_Ogre	30.180	222	149	3	16929	17591	10	226	1.14e-25	98.6	23452	226
tig00021312_arrow__	RT_Ogre	30.180	222	149	3	7411	8073	10	226	1.00e-25	98.6	20686	226
tig00021316_arrow__	RT_Ogre	73.333	225	60	0	10230	10904	2	226	2.80e-102	318	19170	226
tig00021318_arrow__	RT_Ogre	73.423	222	59	0	11279	11944	4	225	7.34e-115	354	20398	226
tig00021326_arrow__	RT_Ogre	67.606	142	46	0	9912	10337	85	226	1.24e-78	200	17232	226
tig00021328_arrow__	RT_Ogre	28.505	214	147	3	11910	12548	14	222	1.87e-29	108	13938	226
tig00021330_arrow__	RT_Ogre	71.171	222	63	1	9904	10566	5	226	1.16e-108	337	20207	226
tig00021330_arrow__	RT_Ogre	71.171	222	63	1	11408	12070	5	226	1.09e-108	337	18920	226
tig00021330_arrow__	RT_Ogre	71.171	222	63	1	13719	14381	5	226	1.73e-108	337	29852	226
tig00021335_arrow__	RT_RetroSor1	43.396	53	30	0	7890	8048	64	116	8.01e-15	47.8	14748	226
tig00021335_arrow__	RT_RetroSor1	43.396	53	30	0	10063	10221	64	116	7.99e-15	47.8	14709	226
tig00021335_arrow__	RT_RetroSor1	43.396	53	30	0	17394	17552	64	116	1.26e-14	47.8	23755	226
tig00021339_arrow__	RT_Ogre	76.000	225	54	0	9271	9945	2	226	6.72e-118	363	17318	226
tig00021340_arrow__	RT_Ogre	76.444	225	53	0	9621	10295	2	226	1.54e-107	333	17923	226
tig00021342_arrow__	RT_Ogre	72.889	225	61	0	9214	9888	2	226	5.20e-112	346	17299	226
tig00021345_arrow__	RT_Ogre	67.299	211	69	0	9694	10326	3	213	3.59e-97	303	22305	226
tig00021376_arrow__	RT_Athila4-1	57.258	248	99	2	6204	6938	1	244	3.28e-73	235	11863	244
tig00021384_arrow__	RT_Ogre	71.875	224	63	0	10578	11249	3	226	2.13e-113	350	22479	226
tig00021385_arrow__	RT_Ogre	68.468	222	70	0	9528	10193	5	226	9.10e-102	317	19854	226
tig00021385_arrow__	RT_Ogre	68.468	222	70	0	14678	15343	5	226	1.54e-101	317	33248	226
tig00021392_arrow__	RT_Ogre	71.875	224	63	0	10397	11068	3	226	1.98e-108	336	19400	226
tig00021394_arrow__	RT_Ogre	75.556	225	55	0	9658	10332	2	226	3.66e-106	329	17958	226
tig00021399_arrow__	RT_Ogre	73.991	223	58	0	9601	10269	4	226	1.49e-101	317	28198	226
tig00021401_arrow__	RT_Ogre	76.000	225	54	0	9701	10375	2	226	7.89e-107	331	18027	226
tig00021408_arrow__	RT_Ogre	31.313	198	134	2	5510	6100	26	222	2.70e-28	105	13131	226
tig00021408_arrow__	RT_Ogre	31.313	198	134	2	16594	17184	26	222	5.76e-28	105	27467	226
tig00021420_arrow__	RT_Ogre	73.778	225	59	0	10124	10798	2	226	1.43e-102	319	18814	226
tig00021423_arrow__	RT_Ogre	29.293	198	138	2	672	82	26	222	4.11e-29	106	4900	226
tig00021423_arrow__	RT_Ogre	29.293	198	138	2	2194	1604	26	222	6.32e-29	105	4902	226
tig00021426_arrow__	RT_Ogre	75.000	224	56	0	9728	10399	3	226	1.84e-104	324	17497	226
tig00021433_arrow__	RT_Ogre	61.607	224	86	0	11433	12104	3	226	1.52e-96	301	20393	226
tig00021437_arrow__	RT_Ogre	73.214	224	60	0	11298	11969	3	226	1.08e-114	353	20283	226
tig00021441_arrow__	RT_Ogre	73.778	225	59	0	10088	10762	2	226	1.11e-102	319	19086	226
tig00021443_arrow__	RT_Ogre	73.333	225	60	0	10247	10921	2	226	6.17e-102	317	19259	226
tig00021443_arrow__	RT_Ogre	73.333	225	60	0	17636	18310	2	226	1.10e-101	317	34056	226
tig00021445_arrow__	RT_Ogre	28.788	198	139	2	2871	3461	26	222	1.61e-27	102	10458	226
tig00021445_arrow__	RT_Ogre	28.788	198	139	2	5531	6121	26	222	1.61e-27	102	10459	226
tig00021445_arrow__	RT_Ogre	28.788	198	139	2	5524	6114	26	222	1.24e-27	102	8182	226
tig00021445_arrow__	RT_Ogre	28.788	198	139	2	7542	8132	26	222	8.50e-28	103	8210	226
tig00021445_arrow__	RT_Ogre	28.788	198	139	2	1917	2507	26	222	1.47e-27	102	9626	226
tig00021447_arrow__	RT_Ogre	72.321	224	62	0	9977	10648	3	226	2.17e-98	307	18394	226
tig00021450_arrow__	RT_Ogre	74.554	224	57	0	11236	11907	3	226	9.68e-118	362	20275	226
tig00062549_arrow__	RT_Ogre	70.504	139	41	0	12080	12496	40	178	2.02e-76	209	20189	226
tig00062549_arrow__	RT_Ogre	70.504	139	41	0	9995	10411	40	178	1.96e-76	209	19575	226
tig00062559_arrow__	RT_Ogre	29.798	198	137	2	1441	851	26	222	5.44e-30	109	7497	226
tig00062559_arrow__	RT_Ogre	29.798	198	137	2	2779	2189	26	222	5.43e-30	109	7482	226
tig00062623_arrow__	RT_Ogre	76.444	225	53	0	8848	9522	2	226	2.74e-107	332	16954	226
tig00062625_arrow__	RT_Ogre	70.667	225	66	0	9280	9954	2	226	1.52e-108	336	18112	226
tig00062629_arrow__	RT_Ogre	75.556	225	55	0	9490	10164	2	226	1.26e-106	330	17496	226
tig00062629_arrow__	RT_Ogre	75.556	225	55	0	15880	16554	2	226	2.50e-106	330	34103	226
tig00062629_arrow__	RT_Ogre	75.556	225	55	0	17497	18171	2	226	2.04e-106	330	27974	226
tig00062631_arrow__	RT_Ogre	74.107	224	58	0	11344	12015	3	226	1.80e-117	362	19153	226
tig00062631_arrow__	RT_Ogre	74.107	224	58	0	9473	10144	3	226	1.74e-117	362	18576	226
tig00062634_arrow__	RT_Ogre	75.556	225	55	0	9465	10139	2	226	1.34e-107	333	17651	226
tig00062639_arrow__	RT_Ogre	71.622	222	63	0	12350	13015	5	226	1.06e-111	345	20977	226
tig00062639_arrow__	RT_Ogre	71.622	222	63	0	10263	10928	5	226	9.85e-112	345	19567	226
