Warning: [blastx] Examining 5 or more matches is recommended
tig00000002_arrow__	GAG__ORF2_Ogre	27.016	744	402	18	5960	7867	124	834	2.60e-63	225	18114	839
tig00000083_arrow__	GAG__ORF2_Ogre	36.000	50	32	0	3847	3996	785	834	1.56e-06	43.5	8806	839
tig00000095_arrow__	GAG_ORF1_Ogre	21.603	287	187	9	3432	4271	44	299	1.22e-07	47.4	14180	546
tig00000113_arrow__	GAG_Athila4-1	47.872	94	48	1	1792	2073	68	160	7.78e-29	85.5	9630	615
tig00000131_arrow__	GAG__ORF2_Ogre	27.544	737	400	22	6324	8201	126	839	1.25e-66	236	18991	839
tig00000289_arrow__	GAG_Calypso5-1	29.144	374	216	10	6465	7448	9	379	7.23e-48	170	18177	427
tig00000494_arrow__	GAG_Calypso5-1	38.065	155	89	3	3914	4363	4	156	4.66e-27	108	16398	427
tig00000505_arrow__	GAG_Diaspora	36.255	251	141	6	1348	2079	92	330	2.33e-39	149	15454	660
tig00000508_arrow__	GAG_Calypso5-1	31.507	219	143	4	6342	6983	9	225	3.47e-33	126	19219	427
tig00000508_arrow__	GAG_Calypso5-1	31.507	219	143	4	8742	9383	9	225	4.68e-33	126	25572	427
tig00000616_arrow__	GAG_Calypso5-1	28.571	343	192	10	7792	8679	25	361	1.50e-34	127	20678	427
tig00000616_arrow__	GAG_Calypso5-1	28.571	343	192	10	13162	14049	25	361	1.86e-34	127	25666	427
tig00000616_arrow__	GAG_Calypso5-1	28.571	343	192	10	13343	14230	25	361	1.87e-34	127	25847	427
tig00000616_arrow__	GAG_Calypso5-1	28.571	343	192	10	13513	14400	25	361	1.88e-34	127	26016	427
tig00000616_arrow__	GAG_Calypso5-1	28.571	343	192	10	12443	13330	25	361	1.81e-34	127	24947	427
tig00000616_arrow__	GAG_Calypso5-1	28.571	343	192	10	12805	13692	25	361	1.83e-34	127	25307	427
tig00000616_arrow__	GAG_Calypso5-1	28.571	343	192	10	12980	13867	25	361	1.84e-34	127	25484	427
tig00000616_arrow__	GAG_Calypso5-1	28.571	343	192	10	12622	13509	25	361	1.82e-34	127	25124	427
tig00000616_arrow__	GAG_Calypso5-1	28.571	343	192	10	12265	13152	25	361	1.79e-34	127	24769	427
tig00000616_arrow__	GAG_Calypso5-1	28.571	343	192	10	11912	12799	25	361	1.77e-34	127	24415	427
tig00000616_arrow__	GAG_Calypso5-1	28.571	343	192	10	11550	12437	25	361	1.74e-34	127	24045	427
tig00000616_arrow__	GAG_Calypso5-1	28.571	343	192	10	12085	12972	25	361	1.78e-34	127	24589	427
tig00000616_arrow__	GAG_Calypso5-1	28.571	343	192	10	13565	14452	25	361	1.89e-34	127	26069	427
tig00000616_arrow__	GAG_Calypso5-1	28.571	343	192	10	11018	11905	25	361	1.70e-34	127	23520	427
tig00000616_arrow__	GAG_Calypso5-1	28.571	343	192	10	11192	12079	25	361	1.71e-34	127	23694	427
tig00000616_arrow__	GAG_Calypso5-1	28.571	343	192	10	7975	8862	25	361	1.49e-34	127	20479	427
tig00000616_arrow__	GAG_Calypso5-1	28.571	343	192	10	8332	9219	25	361	1.51e-34	127	20836	427
tig00000616_arrow__	GAG_Calypso5-1	28.571	343	192	10	11728	12615	25	361	1.75e-34	127	24232	427
tig00000616_arrow__	GAG_Calypso5-1	28.571	343	192	10	10840	11727	25	361	1.69e-34	127	23342	427
tig00000616_arrow__	GAG_Calypso5-1	28.571	343	192	10	8149	9036	25	361	1.50e-34	127	20653	427
tig00000616_arrow__	GAG_Calypso5-1	28.571	343	192	10	9044	9931	25	361	1.56e-34	127	21548	427
tig00000616_arrow__	GAG_Calypso5-1	28.571	343	192	10	10481	11368	25	361	1.66e-34	127	22985	427
tig00000616_arrow__	GAG_Calypso5-1	28.571	343	192	10	8512	9399	25	361	1.52e-34	127	21016	427
tig00000616_arrow__	GAG_Calypso5-1	28.571	343	192	10	11376	12263	25	361	1.73e-34	127	23880	427
tig00000616_arrow__	GAG_Calypso5-1	28.571	343	192	10	9403	10290	25	361	1.59e-34	127	21907	427
tig00000616_arrow__	GAG_Calypso5-1	28.571	343	192	10	9766	10653	25	361	1.62e-34	127	22267	427
tig00000616_arrow__	GAG_Calypso5-1	28.571	343	192	10	10298	11185	25	361	1.65e-34	127	22801	427
tig00000616_arrow__	GAG_Calypso5-1	28.571	343	192	10	8686	9573	25	361	1.54e-34	127	21190	427
tig00000616_arrow__	GAG_Calypso5-1	28.571	343	192	10	10118	11005	25	361	1.64e-34	127	22622	427
tig00000616_arrow__	GAG_Calypso5-1	28.571	343	192	10	9586	10473	25	361	1.60e-34	127	22090	427
tig00000616_arrow__	GAG_Calypso5-1	28.571	343	192	10	7616	8503	25	361	1.45e-34	127	19978	427
tig00000616_arrow__	GAG_Calypso5-1	28.571	343	192	10	8871	9758	25	361	1.55e-34	127	21375	427
tig00000616_arrow__	GAG_Calypso5-1	28.571	343	192	10	9223	10110	25	361	1.58e-34	127	21725	427
tig00000616_arrow__	GAG_Calypso5-1	28.571	343	192	10	13564	14451	25	361	1.89e-34	127	26068	427
tig00000616_arrow__	GAG_Calypso5-1	28.571	343	192	10	9940	10827	25	361	1.63e-34	127	22444	427
tig00000616_arrow__	GAG_Calypso5-1	28.571	343	192	10	10661	11548	25	361	1.68e-34	127	23165	427
tig00000616_arrow__	GAG_Calypso5-1	28.571	343	192	10	13562	14449	25	361	1.89e-34	127	26066	427
tig00000616_arrow__	GAG_Calypso5-1	28.571	343	192	10	7434	8321	25	361	1.42e-34	127	19593	427
tig00000616_arrow__	GAG_Calypso5-1	28.571	343	192	10	13562	14449	25	361	1.89e-34	127	26064	427
tig00000616_arrow__	GAG_Calypso5-1	28.571	343	192	10	7259	8146	25	361	1.40e-34	127	19246	427
tig00000616_arrow__	GAG_Calypso5-1	28.571	343	192	10	7080	7967	25	361	1.37e-34	127	18889	427
tig00000616_arrow__	GAG_Calypso5-1	28.571	343	192	10	6900	7787	25	361	1.35e-34	127	18522	427
tig00000616_arrow__	GAG_Calypso5-1	28.571	343	192	10	6722	7609	25	361	1.32e-34	127	18173	427
tig00000616_arrow__	GAG_Calypso5-1	28.571	343	192	10	6543	7430	25	361	1.30e-34	127	17815	427
tig00000616_arrow__	GAG_Calypso5-1	28.571	343	192	10	6364	7251	25	361	1.27e-34	127	17459	427
tig00000616_arrow__	GAG_Calypso5-1	28.571	343	192	10	6183	7070	25	361	1.25e-34	127	17097	427
tig00000616_arrow__	GAG_Calypso5-1	28.571	343	192	10	6007	6894	25	361	1.22e-34	127	16742	427
tig00000616_arrow__	GAG_Calypso5-1	28.571	343	192	10	13562	14449	25	361	1.89e-34	127	26057	427
tig00000616_arrow__	GAG_Calypso5-1	28.571	343	192	10	5824	6711	25	361	1.19e-34	127	16380	427
tig00000616_arrow__	GAG_Calypso5-1	28.571	343	192	10	5661	6548	25	361	1.17e-34	127	16039	427
tig00000616_arrow__	GAG_Calypso5-1	28.571	343	192	10	5487	6374	25	361	1.14e-34	127	15686	427
tig00000616_arrow__	GAG_Calypso5-1	28.571	343	192	10	5305	6192	25	361	1.12e-34	127	15325	427
tig00000616_arrow__	GAG_Calypso5-1	28.571	343	192	10	5130	6017	25	361	1.09e-34	127	14972	427
tig00000616_arrow__	GAG_Calypso5-1	28.571	343	192	10	4951	5838	25	361	1.07e-34	127	14604	427
tig00000616_arrow__	GAG_Calypso5-1	28.571	343	192	10	13565	14452	25	361	1.89e-34	127	26067	427
tig00000616_arrow__	GAG_Calypso5-1	28.571	343	192	10	4768	5655	25	361	1.04e-34	127	14243	427
tig00000616_arrow__	GAG_Calypso5-1	28.571	343	192	10	4588	5475	25	361	1.01e-34	127	13895	427
tig00000616_arrow__	GAG_Calypso5-1	28.571	343	192	10	4415	5302	25	361	9.89e-35	127	13543	427
tig00000616_arrow__	GAG_Calypso5-1	28.571	343	192	10	4220	5107	25	361	9.61e-35	127	13167	427
tig00000616_arrow__	GAG_Calypso5-1	28.571	343	192	10	4051	4938	25	361	9.38e-35	127	12821	427
tig00000616_arrow__	GAG_Calypso5-1	28.571	343	192	10	3875	4762	25	361	9.12e-35	127	12467	427
tig00000616_arrow__	GAG_Calypso5-1	28.571	343	192	10	3693	4580	25	361	8.85e-35	127	12106	427
tig00000616_arrow__	GAG_Calypso5-1	28.571	343	192	10	4745	5632	25	361	1.41e-34	127	19359	427
tig00000616_arrow__	GAG_Calypso5-1	28.571	343	192	10	11169	12056	25	361	1.87e-34	127	25784	427
tig00000616_arrow__	GAG_Calypso5-1	28.571	343	192	10	13494	14381	25	361	2.03e-34	127	28109	427
tig00000616_arrow__	GAG_Calypso5-1	28.571	343	192	10	12242	13129	25	361	1.94e-34	127	26848	427
tig00000616_arrow__	GAG_Calypso5-1	28.571	343	192	10	12958	13845	25	361	1.99e-34	127	27573	427
tig00000616_arrow__	GAG_Calypso5-1	28.571	343	192	10	11704	12591	25	361	1.90e-34	127	26319	427
tig00000616_arrow__	GAG_Calypso5-1	28.571	343	192	10	8127	9014	25	361	1.65e-34	127	22742	427
tig00000616_arrow__	GAG_Calypso5-1	28.571	343	192	10	10812	11699	25	361	1.84e-34	127	25427	427
tig00000616_arrow__	GAG_Calypso5-1	28.571	343	192	10	11348	12235	25	361	1.88e-34	127	25963	427
tig00000616_arrow__	GAG_Calypso5-1	28.571	343	192	10	11527	12414	25	361	1.89e-34	127	26142	427
tig00000616_arrow__	GAG_Calypso5-1	28.571	343	192	10	12421	13308	25	361	1.95e-34	127	27036	427
tig00000616_arrow__	GAG_Calypso5-1	28.571	343	192	10	8485	9372	25	361	1.67e-34	127	23100	427
tig00000616_arrow__	GAG_Calypso5-1	28.571	343	192	10	3850	4737	25	361	1.34e-34	127	18465	427
tig00000616_arrow__	GAG_Calypso5-1	28.571	343	192	10	12064	12951	25	361	1.93e-34	127	26679	427
tig00000616_arrow__	GAG_Calypso5-1	28.571	343	192	10	12600	13487	25	361	1.96e-34	127	27216	427
tig00000616_arrow__	GAG_Calypso5-1	28.571	343	192	10	10990	11877	25	361	1.85e-34	127	25605	427
tig00000616_arrow__	GAG_Calypso5-1	28.571	343	192	10	4029	4916	25	361	1.36e-34	127	18644	427
tig00000616_arrow__	GAG_Calypso5-1	28.571	343	192	10	11885	12772	25	361	1.91e-34	127	26500	427
tig00000616_arrow__	GAG_Calypso5-1	28.571	343	192	10	5630	6517	25	361	1.47e-34	127	20245	427
tig00000616_arrow__	GAG_Calypso5-1	28.571	343	192	10	5281	6168	25	361	1.44e-34	127	19896	427
tig00000616_arrow__	GAG_Calypso5-1	28.571	343	192	10	3671	4558	25	361	1.33e-34	127	18250	427
tig00000616_arrow__	GAG_Calypso5-1	28.571	343	192	10	5103	5990	25	361	1.43e-34	127	19719	427
tig00000616_arrow__	GAG_Calypso5-1	28.571	343	192	10	4209	5096	25	361	1.37e-34	127	18824	427
tig00000616_arrow__	GAG_Calypso5-1	28.571	343	192	10	7590	8477	25	361	1.61e-34	127	22205	427
tig00000616_arrow__	GAG_Calypso5-1	28.571	343	192	10	9022	9909	25	361	1.71e-34	127	23637	427
tig00000616_arrow__	GAG_Calypso5-1	28.571	343	192	10	12779	13666	25	361	1.98e-34	127	27394	427
tig00000616_arrow__	GAG_Calypso5-1	28.571	343	192	10	4388	5275	25	361	1.38e-34	127	19004	427
tig00000616_arrow__	GAG_Calypso5-1	28.571	343	192	10	10633	11520	25	361	1.82e-34	127	25214	427
tig00000616_arrow__	GAG_Calypso5-1	28.571	343	192	10	3518	4405	25	361	8.59e-35	127	11752	427
tig00000616_arrow__	GAG_Calypso5-1	28.571	343	192	10	8657	9544	25	361	1.68e-34	127	23269	427
tig00000616_arrow__	GAG_Calypso5-1	28.571	343	192	10	10275	11162	25	361	1.80e-34	127	24890	427
tig00000616_arrow__	GAG_Calypso5-1	28.571	343	192	10	7948	8835	25	361	1.64e-34	127	22560	427
tig00000616_arrow__	GAG_Calypso5-1	28.571	343	192	10	6874	7761	25	361	1.56e-34	127	21486	427
tig00000616_arrow__	GAG_Calypso5-1	28.571	343	192	10	9738	10625	25	361	1.76e-34	127	24353	427
tig00000616_arrow__	GAG_Calypso5-1	28.571	343	192	10	5461	6348	25	361	1.46e-34	127	20075	427
tig00000616_arrow__	GAG_Calypso5-1	28.571	343	192	10	7769	8656	25	361	1.62e-34	127	22385	427
tig00000616_arrow__	GAG_Calypso5-1	28.571	343	192	10	7411	8298	25	361	1.60e-34	127	21992	427
tig00000616_arrow__	GAG_Calypso5-1	28.571	343	192	10	13136	14023	25	361	2.00e-34	127	27751	427
tig00000616_arrow__	GAG_Calypso5-1	28.571	343	192	10	9559	10446	25	361	1.75e-34	127	24173	427
tig00000616_arrow__	GAG_Calypso5-1	28.571	343	192	10	10096	10983	25	361	1.79e-34	127	24674	427
tig00000616_arrow__	GAG_Calypso5-1	28.571	343	192	10	13314	14201	25	361	2.01e-34	127	27895	427
tig00000616_arrow__	GAG_Calypso5-1	28.571	343	192	10	9201	10088	25	361	1.72e-34	127	23816	427
tig00000616_arrow__	GAG_Calypso5-1	28.571	343	192	10	5800	6687	25	361	1.48e-34	127	20415	427
tig00000616_arrow__	GAG_Calypso5-1	28.571	343	192	10	9917	10804	25	361	1.78e-34	127	24532	427
tig00000616_arrow__	GAG_Calypso5-1	28.571	343	192	10	10454	11341	25	361	1.81e-34	127	25059	427
tig00000616_arrow__	GAG_Calypso5-1	28.571	343	192	10	8843	9730	25	361	1.70e-34	127	23458	427
tig00000616_arrow__	GAG_Calypso5-1	28.571	343	192	10	4566	5453	25	361	1.39e-34	127	19181	427
tig00000616_arrow__	GAG_Calypso5-1	28.571	343	192	10	4924	5811	25	361	1.42e-34	127	19539	427
tig00000616_arrow__	GAG_Calypso5-1	28.571	343	192	10	7053	7940	25	361	1.57e-34	127	21668	427
tig00000616_arrow__	GAG_Calypso5-1	28.571	343	192	10	9380	10267	25	361	1.74e-34	127	23995	427
tig00000616_arrow__	GAG_Calypso5-1	28.571	343	192	10	3492	4379	25	361	1.30e-34	127	17900	427
tig00000616_arrow__	GAG_Calypso5-1	28.571	343	192	10	6516	7403	25	361	1.53e-34	127	21131	427
tig00000616_arrow__	GAG_Calypso5-1	28.571	343	192	10	6695	7582	25	361	1.54e-34	127	21276	427
tig00000616_arrow__	GAG_Calypso5-1	28.571	343	192	10	5981	6868	25	361	1.49e-34	127	20596	427
tig00000616_arrow__	GAG_Calypso5-1	28.571	343	192	10	3340	4227	25	361	8.32e-35	127	11387	427
tig00000616_arrow__	GAG_Calypso5-1	28.571	343	192	10	6160	7047	25	361	1.51e-34	127	20775	427
tig00000616_arrow__	GAG_Calypso5-1	28.571	343	192	10	3311	4198	25	361	1.28e-34	127	17545	427
tig00000616_arrow__	GAG_Calypso5-1	28.571	343	192	10	13536	14423	25	361	2.03e-34	127	28151	427
tig00000616_arrow__	GAG_Calypso5-1	28.571	343	192	10	3161	4048	25	361	8.08e-35	127	11037	427
tig00000616_arrow__	GAG_Calypso5-1	28.571	343	192	10	3134	4021	25	361	1.25e-34	127	17175	427
tig00000616_arrow__	GAG_Calypso5-1	28.571	343	192	10	2981	3868	25	361	7.82e-35	127	10678	427
tig00000616_arrow__	GAG_Calypso5-1	28.571	343	192	10	2803	3690	25	361	7.55e-35	127	10312	427
tig00000616_arrow__	GAG_Calypso5-1	28.571	343	192	10	2955	3842	25	361	1.23e-34	127	16826	427
tig00000616_arrow__	GAG_Calypso5-1	28.571	343	192	10	2775	3662	25	361	1.20e-34	127	16467	427
tig00000616_arrow__	GAG_Calypso5-1	28.571	343	192	10	2620	3507	25	361	7.29e-35	127	9959	427
tig00000616_arrow__	GAG_Calypso5-1	28.571	343	192	10	13551	14438	25	361	2.03e-34	127	28132	427
tig00000616_arrow__	GAG_Calypso5-1	28.571	343	192	10	2596	3483	25	361	1.17e-34	127	16114	427
tig00000634_arrow__	GAG__ORF2_Ogre	31.122	196	129	3	6663	7250	144	333	7.94e-28	114	18953	839
tig00000634_arrow__	GAG__ORF2_Ogre	31.122	196	129	3	5159	5746	144	333	7.88e-28	114	18824	839
tig00000643_arrow__	GAG__ORF2_Ogre	27.991	468	298	10	4554	5852	124	587	6.83e-44	165	17313	839
tig00000644_arrow__	GAG_Calypso5-1	33.333	150	93	3	4239	4673	4	151	1.81e-25	74.7	18137	427
tig00000696_arrow__	GAG__ORF2_Ogre	33.242	364	211	9	6938	7963	144	497	1.54e-46	174	20324	839
tig00000768_arrow__	GAG__ORF2_Ogre	26.913	732	401	21	5819	7681	126	834	7.79e-65	230	17645	839
tig00000787_arrow__	GAG_Diaspora	30.000	500	252	14	1682	2947	150	629	5.19e-57	190	10722	660
tig00000787_arrow__	GAG_Diaspora	30.000	500	252	14	454	1719	150	629	3.57e-57	190	7343	660
tig00000787_arrow__	GAG_Diaspora	30.000	500	252	14	1682	2947	150	629	3.57e-57	190	7342	660
tig00000794_arrow__	GAG__ORF2_Ogre	27.548	726	397	17	5663	7534	136	834	2.03e-64	229	17424	839
tig00000886_arrow__	GAG_Calypso5-1	28.205	390	224	9	5364	6392	5	385	6.11e-37	138	22364	427
tig00001010_arrow__	GAG__ORF2_Ogre	27.731	714	377	17	5860	7683	154	834	3.93e-65	231	17491	839
tig00001014_arrow__	GAG_Diaspora	30.654	535	291	15	1405	2802	134	657	7.99e-57	201	9227	660
tig00001092_arrow__	GAG_Calypso5-1	24.576	236	134	5	6751	7326	153	388	3.82e-33	77.4	18116	427
tig00001132_arrow__	GAG_Calypso5-1	27.368	380	227	9	15501	16499	9	386	9.33e-39	143	20406	427
tig00001153_arrow__	GAG__ORF2_Ogre	35.958	381	208	10	7127	8194	144	513	1.66e-50	186	20718	839
tig00001169_arrow__	GAG_Calypso5-1	31.056	161	106	3	6886	7359	10	168	3.91e-22	85.9	18392	427
tig00001169_arrow__	GAG_Calypso5-1	31.056	161	106	3	4631	5104	10	168	3.66e-22	85.9	17215	427
tig00001280_arrow__	GAG_Calypso5-1	25.393	382	232	11	6050	7045	9	387	3.90e-41	150	17495	427
tig00001357_arrow__	GAG__ORF2_Ogre	34.783	184	109	3	3916	4455	162	338	1.75e-22	97.1	21874	839
tig00001357_arrow__	GAG__ORF2_Ogre	34.783	184	109	3	4983	5522	162	338	1.68e-22	97.1	21045	839
tig00001400_arrow__	GAG__ORF2_Ogre	33.058	121	81	0	7509	7871	209	329	1.04e-25	77.8	20553	839
tig00001400_arrow__	GAG__ORF2_Ogre	33.058	121	81	0	5342	5704	209	329	1.32e-25	77.8	26401	839
tig00001400_arrow__	GAG__ORF2_Ogre	33.058	121	81	0	7509	7871	209	329	1.32e-25	77.8	26418	839
tig00001400_arrow__	GAG__ORF2_Ogre	33.058	121	81	0	3984	4346	209	329	1.15e-25	77.8	22860	839
tig00001400_arrow__	GAG__ORF2_Ogre	33.058	121	81	0	5351	5713	209	329	1.15e-25	77.8	22828	839
tig00001400_arrow__	GAG__ORF2_Ogre	33.058	121	81	0	5351	5713	209	329	9.99e-26	77.8	19765	839
tig00001400_arrow__	GAG__ORF2_Ogre	33.058	121	81	0	9873	10235	209	329	1.65e-25	77.8	32980	839
tig00001417_arrow__	GAG__ORF2_Ogre	27.186	732	409	20	6233	8110	126	839	1.20e-62	223	18544	839
tig00001445_arrow__	GAG__ORF2_Ogre	42.683	82	47	0	7306	7551	209	290	8.92e-23	75.5	21265	839
tig00001473_arrow__	GAG__ORF2_Ogre	30.973	113	78	0	8406	8744	217	329	8.68e-23	75.5	21221	839
tig00001490_arrow__	GAG_Calypso5-1	29.843	382	212	11	6784	7788	13	385	7.34e-38	140	19963	427
tig00001606_arrow__	GAG_Calypso5-1	29.144	374	216	10	5181	6164	9	379	6.25e-48	170	17315	427
tig00001748_arrow__	GAG_Calypso5-1	28.779	344	190	9	3545	4429	48	385	5.00e-27	108	17225	427
tig00001768_arrow__	GAG_Calypso5-1	27.147	361	212	8	1056	2003	5	359	5.61e-32	111	17442	427
tig00001789_arrow__	GAG__ORF2_Ogre	33.425	365	206	10	6074	7090	144	497	3.20e-44	166	19119	839
tig00002028_arrow__	GAG__ORF2_Ogre	27.459	732	390	19	10536	12407	136	834	2.11e-65	233	32844	839
tig00002028_arrow__	GAG__ORF2_Ogre	27.459	732	390	19	5822	7693	136	834	1.08e-65	233	17790	839
tig00002294_arrow__	GAG_Calypso5-1	31.633	196	129	3	5585	6163	9	202	7.82e-35	131	17258	427
tig00021141_arrow__	GAG_Calypso5-1	29.974	387	221	8	7036	8064	5	385	7.63e-43	155	20950	427
tig00021143_arrow__	GAG_Diaspora	30.183	656	332	19	1351	2985	1	641	1.63e-67	234	12449	660
tig00021143_arrow__	GAG_Diaspora	30.183	656	332	19	10463	12097	1	641	4.03e-67	234	28382	660
tig00021151_arrow__	GAG_Calypso5-1	32.143	196	128	3	5977	6555	9	202	9.83e-36	134	18062	427
tig00021153_arrow__	GAG_Calypso5-1	32.486	354	186	8	5711	6631	40	387	1.02e-39	146	20163	427
tig00021153_arrow__	GAG_Calypso5-1	32.486	354	186	8	12061	12981	40	387	1.68e-39	146	32475	427
tig00021153_arrow__	GAG_Calypso5-1	32.486	354	186	8	6167	7087	40	387	9.59e-40	146	19015	427
tig00021156_arrow__	GAG__ORF2_Ogre	26.882	744	403	18	5771	7678	124	834	5.16e-63	224	17612	839
tig00021175_arrow__	GAG_Calypso5-1	30.105	382	211	11	6922	7926	13	385	6.36e-43	155	20330	427
tig00021177_arrow__	GAG__ORF2_Ogre	42.308	104	60	0	2291	2602	736	839	7.28e-24	100	12160	839
tig00021179_arrow__	GAG_Calypso5-1	30.808	198	115	6	10261	10809	50	240	1.06e-21	92.4	22860	427
tig00021179_arrow__	GAG_Calypso5-1	30.808	198	115	6	11417	11965	50	240	1.03e-21	92.4	22148	427
tig00021182_arrow__	GAG_Diaspora	29.718	673	346	19	1349	3034	1	657	5.13e-72	246	9431	660
tig00021183_arrow__	GAG_Athila4-1	50.000	94	46	1	1791	2072	68	160	3.95e-30	90.1	9630	615
tig00021184_arrow__	GAG_Athila4-1	50.000	94	46	1	1792	2073	68	160	3.95e-30	90.1	9631	615
tig00021197_arrow__	GAG__ORF2_Ogre	27.470	739	398	24	5971	7848	126	839	1.63e-64	229	18095	839
tig00021205_arrow__	GAG_Calypso5-1	31.594	345	162	10	7100	7930	46	384	1.45e-37	139	19933	427
tig00021205_arrow__	GAG_Calypso5-1	31.594	345	162	10	5456	6286	46	384	1.42e-37	139	19517	427
tig00021208_arrow__	GAG_Calypso5-1	30.628	382	209	11	10686	11690	13	385	3.85e-45	162	24236	427
tig00021213_arrow__	GAG_Calypso5-1	31.606	193	122	3	4518	5072	8	198	4.04e-25	102	20859	427
tig00021220_arrow__	GAG__ORF2_Ogre	26.016	738	410	20	6183	8060	126	839	1.01e-58	211	18649	839
tig00021223_arrow__	GAG__ORF2_Ogre	26.703	734	410	21	5712	7589	126	839	1.25e-64	229	16524	839
tig00021223_arrow__	GAG__ORF2_Ogre	26.703	734	410	21	4426	6303	126	839	1.25e-64	229	16578	839
tig00021225_arrow__	GAG__ORF2_Ogre	26.839	734	409	21	4159	6036	126	839	6.93e-66	233	16533	839
tig00021229_arrow__	GAG__ORF2_Ogre	26.630	736	400	17	5988	7874	132	834	3.28e-58	210	18049	839
tig00021236_arrow__	GAG__ORF2_Ogre	36.364	99	63	0	6448	6744	227	325	1.70e-25	75.5	18555	839
tig00021242_arrow__	GAG__ORF2_Ogre	33.937	221	138	4	5339	5986	126	343	1.29e-32	129	17429	839
tig00021261_arrow__	GAG_Calypso5-1	26.667	195	120	3	5978	6496	9	202	5.08e-23	95.9	17987	427
tig00021262_arrow__	GAG_Calypso5-1	28.877	374	217	9	6257	7240	9	379	2.71e-47	168	16934	427
tig00021264_arrow__	GAG__ORF2_Ogre	38.462	117	69	2	7199	7549	168	281	7.10e-17	78.6	20092	839
tig00021266_arrow__	GAG__ORF2_Ogre	39.506	81	49	0	4939	5181	759	839	2.48e-14	70.1	20177	839
tig00021274_arrow__	GAG__ORF2_Ogre	27.699	704	385	20	6473	8269	155	839	2.53e-63	226	19038	839
tig00021282_arrow__	GAG_Diaspora	30.411	559	303	16	1491	3008	110	635	7.19e-54	192	8939	660
tig00021284_arrow__	GAG__ORF2_Ogre	26.703	734	410	21	6195	8072	126	839	5.03e-64	228	18495	839
tig00021287_arrow__	GAG_Calypso5-1	27.321	377	225	8	5576	6565	9	383	7.37e-43	155	16661	427
tig00021294_arrow__	GAG_Calypso5-1	29.688	384	203	10	4824	5780	4	385	1.29e-29	116	18653	427
tig00021296_arrow__	GAG_Calypso5-1	32.461	382	202	10	7124	8128	12	384	1.28e-51	181	20781	427
tig00021297_arrow__	GAG__ORF2_Ogre	26.087	414	223	16	6936	7970	435	834	1.04e-24	103	17332	839
tig00021297_arrow__	GAG__ORF2_Ogre	27.601	471	296	11	15467	16765	124	587	1.14e-40	155	20417	839
tig00021297_arrow__	GAG__ORF2_Ogre	26.087	414	223	16	4423	5457	435	834	1.13e-24	103	18592	839
tig00021298_arrow__	GAG_Calypso5-1	32.258	93	62	1	8561	8839	37	128	6.71e-13	52.0	19821	427
tig00021300_arrow__	GAG__ORF2_Ogre	36.126	191	116	3	5984	6556	144	328	5.52e-30	121	19172	839
tig00021301_arrow__	GAG_Calypso5-1	29.534	193	131	3	4173	4742	12	202	2.00e-29	115	15680	427
tig00021302_arrow__	GAG_Calypso5-1	32.552	384	208	9	3897	4901	4	385	1.82e-54	189	16427	427
tig00021307_arrow__	GAG_Calypso5-1	31.165	369	201	10	6979	7944	23	385	1.26e-45	163	20578	427
tig00021309_arrow__	GAG_Calypso5-1	30.890	382	208	11	6945	7949	13	385	2.65e-38	142	20337	427
tig00021316_arrow__	GAG__ORF2_Ogre	27.544	737	400	22	6440	8317	126	839	1.90e-66	235	19170	839
tig00021318_arrow__	GAG__ORF2_Ogre	36.957	184	110	3	6890	7441	144	321	5.86e-36	140	20398	839
tig00021326_arrow__	GAG_Calypso5-1	27.273	374	223	9	5907	6890	9	379	1.32e-41	151	17232	427
tig00021330_arrow__	GAG_Calypso5-1	32.365	241	150	6	5520	6221	5	239	2.56e-29	115	20207	427
tig00021330_arrow__	GAG_Calypso5-1	32.365	241	150	6	7024	7725	5	239	2.39e-29	115	18920	427
tig00021330_arrow__	GAG_Calypso5-1	32.365	241	150	6	9335	10036	5	239	3.85e-29	115	29852	427
tig00021339_arrow__	GAG_Calypso5-1	32.143	196	128	3	5592	6170	9	202	4.11e-34	129	17318	427
tig00021340_arrow__	GAG__ORF2_Ogre	26.882	744	403	17	5902	7809	124	834	7.67e-66	233	17923	839
tig00021342_arrow__	GAG__ORF2_Ogre	25.895	726	433	15	5493	7400	124	834	4.11e-55	200	17299	839
tig00021345_arrow__	GAG_Calypso5-1	28.316	392	221	10	5295	6323	5	385	2.01e-36	136	22305	427
tig00021376_arrow__	GAG_Cyclops-2	49.351	77	39	0	3171	3401	590	666	7.06e-21	90.5	11863	666
tig00021384_arrow__	GAG__ORF2_Ogre	31.044	364	219	8	6188	7213	144	497	3.17e-39	150	22479	839
tig00021385_arrow__	GAG_Calypso5-1	31.070	383	197	9	5423	6418	42	408	6.93e-41	149	19854	427
tig00021385_arrow__	GAG_Calypso5-1	31.070	383	197	9	10573	11568	42	408	1.19e-40	149	33248	427
tig00021392_arrow__	GAG_Calypso5-1	28.718	390	221	10	5382	6404	5	386	5.84e-33	126	19400	427
tig00021394_arrow__	GAG__ORF2_Ogre	26.738	748	399	20	5947	7854	124	834	9.31e-62	221	17958	839
tig00021399_arrow__	GAG_Calypso5-1	28.418	373	220	9	6256	7239	9	379	2.40e-46	166	28198	427
tig00021401_arrow__	GAG__ORF2_Ogre	25.595	672	359	18	5979	7670	124	762	6.53e-58	180	18027	839
tig00021420_arrow__	GAG__ORF2_Ogre	26.839	734	409	21	6333	8210	126	839	1.83e-64	229	18814	839
tig00021426_arrow__	GAG_Calypso5-1	25.393	382	232	11	6051	7046	9	387	3.90e-41	150	17497	427
tig00021433_arrow__	GAG_Calypso5-1	30.746	335	186	8	7188	8060	53	385	2.52e-41	150	20393	427
tig00021437_arrow__	GAG_Calypso5-1	30.890	382	207	11	6892	7893	13	385	1.16e-44	160	20283	427
tig00021441_arrow__	GAG__ORF2_Ogre	27.544	737	400	22	6290	8167	126	839	2.00e-66	235	19086	839
tig00021443_arrow__	GAG__ORF2_Ogre	26.975	734	408	21	6454	8331	126	839	1.35e-66	235	19259	839
tig00021443_arrow__	GAG__ORF2_Ogre	26.975	734	408	21	13843	15720	126	839	2.52e-66	235	34056	839
tig00021447_arrow__	GAG_Calypso5-1	28.141	199	138	3	6216	6803	9	205	3.72e-26	105	18394	427
tig00021450_arrow__	GAG_Calypso5-1	27.273	297	165	8	7079	7828	93	385	3.01e-30	105	20275	427
tig00062478_arrow__	GAG_Calypso5-1	28.142	366	207	10	310	1260	25	383	1.66e-36	135	8794	427
tig00062479_arrow__	GAG_Calypso5-1	26.901	342	185	8	7686	8549	57	387	4.05e-32	122	8778	427
tig00062549_arrow__	GAG_Calypso5-1	35.465	172	108	3	7080	7595	32	200	2.14e-24	100	20189	427
tig00062549_arrow__	GAG_Calypso5-1	35.465	172	108	3	4995	5510	32	200	2.07e-24	100	19575	427
tig00062623_arrow__	GAG__ORF2_Ogre	26.415	636	327	17	5254	6840	166	767	2.66e-51	153	16954	839
tig00062625_arrow__	GAG__ORF2_Ogre	28.362	409	219	12	6421	7452	435	834	4.10e-32	127	18112	839
tig00062625_arrow__	GAG__ORF2_Ogre	28.362	409	219	12	11078	12109	435	834	2.43e-32	128	12645	839
tig00062629_arrow__	GAG__ORF2_Ogre	27.419	744	399	18	5767	7674	124	834	3.02e-66	234	17496	839
tig00062629_arrow__	GAG__ORF2_Ogre	27.419	744	399	18	12157	14064	124	834	6.29e-66	234	34103	839
tig00062629_arrow__	GAG__ORF2_Ogre	27.419	744	399	18	13774	15681	124	834	5.09e-66	234	27974	839
tig00062631_arrow__	GAG_Calypso5-1	30.890	382	208	11	6925	7929	13	385	1.98e-44	160	19153	427
tig00062631_arrow__	GAG_Calypso5-1	30.890	382	208	11	5054	6058	13	385	1.92e-44	160	18576	427
tig00062634_arrow__	GAG_Calypso5-1	32.143	196	128	3	5784	6362	9	202	3.10e-35	132	17651	427
tig00062639_arrow__	GAG_Calypso5-1	29.395	347	193	7	7920	8819	47	388	5.06e-35	132	20977	427
tig00062639_arrow__	GAG_Calypso5-1	29.395	347	193	7	5833	6732	47	388	4.70e-35	132	19567	427
