Warning: [blastx] Examining 5 or more matches is recommended
tig00000002_arrow__	AP_Ogre	45.882	85	46	0	7892	8146	1	85	2.07e-24	89.0	18114	85
tig00000083_arrow__	AP_Ogre	43.529	85	48	0	4021	4275	1	85	3.05e-23	84.7	8806	85
tig00000113_arrow__	AP_Calypso5-1	46.591	88	47	0	3333	3596	2	89	1.28e-24	89.0	9630	89
tig00000131_arrow__	AP_Ogre	47.059	85	45	0	8211	8465	1	85	3.27e-24	88.2	18991	85
tig00000289_arrow__	AP_Ogre	47.059	85	45	0	8325	8579	1	85	5.78e-24	87.4	18177	85
tig00000494_arrow__	AP_Ogre	37.647	85	53	0	6284	6538	1	85	1.08e-17	69.7	16398	85
tig00000505_arrow__	AP_Diaspora	48.387	93	46	2	3092	3367	1	92	8.80e-25	90.1	15454	92
tig00000508_arrow__	AP_Ogre	47.059	85	45	0	8201	8455	1	85	5.94e-24	87.8	19219	85
tig00000508_arrow__	AP_Ogre	47.059	85	45	0	10601	10855	1	85	7.91e-24	87.8	25572	85
tig00000616_arrow__	AP_Ogre	47.059	85	45	0	10392	10646	1	85	5.63e-22	82.0	20678	85
tig00000616_arrow__	AP_Ogre	47.059	85	45	0	15762	16016	1	85	6.99e-22	82.0	25666	85
tig00000616_arrow__	AP_Ogre	47.059	85	45	0	15943	16197	1	85	7.04e-22	82.0	25847	85
tig00000616_arrow__	AP_Ogre	47.059	85	45	0	16113	16367	1	85	7.09e-22	82.0	26016	85
tig00000616_arrow__	AP_Ogre	47.059	85	45	0	15043	15297	1	85	6.80e-22	82.0	24947	85
tig00000616_arrow__	AP_Ogre	47.059	85	45	0	15405	15659	1	85	6.89e-22	82.0	25307	85
tig00000616_arrow__	AP_Ogre	47.059	85	45	0	15580	15834	1	85	6.94e-22	82.0	25484	85
tig00000616_arrow__	AP_Ogre	47.059	85	45	0	15222	15476	1	85	6.84e-22	82.0	25124	85
tig00000616_arrow__	AP_Ogre	47.059	85	45	0	14865	15119	1	85	6.75e-22	82.0	24769	85
tig00000616_arrow__	AP_Ogre	47.059	85	45	0	14512	14766	1	85	6.65e-22	82.0	24415	85
tig00000616_arrow__	AP_Ogre	47.059	85	45	0	14150	14404	1	85	6.55e-22	82.0	24045	85
tig00000616_arrow__	AP_Ogre	47.059	85	45	0	14685	14939	1	85	6.70e-22	82.0	24589	85
tig00000616_arrow__	AP_Ogre	47.059	85	45	0	16165	16419	1	85	7.10e-22	82.0	26069	85
tig00000616_arrow__	AP_Ogre	47.059	85	45	0	13618	13872	1	85	6.41e-22	82.0	23520	85
tig00000616_arrow__	AP_Ogre	47.059	85	45	0	13792	14046	1	85	6.45e-22	82.0	23694	85
tig00000616_arrow__	AP_Ogre	47.059	85	45	0	10575	10829	1	85	5.57e-22	82.0	20479	85
tig00000616_arrow__	AP_Ogre	47.059	85	45	0	10932	11186	1	85	5.67e-22	82.0	20836	85
tig00000616_arrow__	AP_Ogre	47.059	85	45	0	14328	14582	1	85	6.60e-22	82.0	24232	85
tig00000616_arrow__	AP_Ogre	47.059	85	45	0	13440	13694	1	85	6.36e-22	82.0	23342	85
tig00000616_arrow__	AP_Ogre	47.059	85	45	0	10749	11003	1	85	5.62e-22	82.0	20653	85
tig00000616_arrow__	AP_Ogre	47.059	85	45	0	11644	11898	1	85	5.87e-22	82.0	21548	85
tig00000616_arrow__	AP_Ogre	47.059	85	45	0	13081	13335	1	85	6.26e-22	82.0	22985	85
tig00000616_arrow__	AP_Ogre	47.059	85	45	0	11112	11366	1	85	5.72e-22	82.0	21016	85
tig00000616_arrow__	AP_Ogre	47.059	85	45	0	13976	14230	1	85	6.50e-22	82.0	23880	85
tig00000616_arrow__	AP_Ogre	47.059	85	45	0	12003	12257	1	85	5.96e-22	82.0	21907	85
tig00000616_arrow__	AP_Ogre	47.059	85	45	0	12366	12620	1	85	6.06e-22	82.0	22267	85
tig00000616_arrow__	AP_Ogre	47.059	85	45	0	12898	13152	1	85	6.21e-22	82.0	22801	85
tig00000616_arrow__	AP_Ogre	47.059	85	45	0	11286	11540	1	85	5.77e-22	82.0	21190	85
tig00000616_arrow__	AP_Ogre	47.059	85	45	0	12718	12972	1	85	6.16e-22	82.0	22622	85
tig00000616_arrow__	AP_Ogre	47.059	85	45	0	12186	12440	1	85	6.01e-22	82.0	22090	85
tig00000616_arrow__	AP_Ogre	47.059	85	45	0	10216	10470	1	85	5.44e-22	82.0	19978	85
tig00000616_arrow__	AP_Ogre	47.059	85	45	0	11471	11725	1	85	5.82e-22	82.0	21375	85
tig00000616_arrow__	AP_Ogre	47.059	85	45	0	11823	12077	1	85	5.91e-22	82.0	21725	85
tig00000616_arrow__	AP_Ogre	47.059	85	45	0	16164	16418	1	85	7.10e-22	82.0	26068	85
tig00000616_arrow__	AP_Ogre	47.059	85	45	0	12540	12794	1	85	6.11e-22	82.0	22444	85
tig00000616_arrow__	AP_Ogre	47.059	85	45	0	13261	13515	1	85	6.31e-22	82.0	23165	85
tig00000616_arrow__	AP_Ogre	47.059	85	45	0	16162	16416	1	85	7.10e-22	82.0	26066	85
tig00000616_arrow__	AP_Ogre	47.059	85	45	0	10034	10288	1	85	5.33e-22	82.0	19593	85
tig00000616_arrow__	AP_Ogre	47.059	85	45	0	16162	16416	1	85	7.10e-22	82.0	26064	85
tig00000616_arrow__	AP_Ogre	47.059	85	45	0	9859	10113	1	85	5.24e-22	82.0	19246	85
tig00000616_arrow__	AP_Ogre	47.059	85	45	0	9680	9934	1	85	5.14e-22	82.0	18889	85
tig00000616_arrow__	AP_Ogre	47.059	85	45	0	9500	9754	1	85	5.04e-22	82.0	18522	85
tig00000616_arrow__	AP_Ogre	47.059	85	45	0	9322	9576	1	85	4.94e-22	82.0	18173	85
tig00000616_arrow__	AP_Ogre	47.059	85	45	0	9143	9397	1	85	4.85e-22	82.0	17815	85
tig00000616_arrow__	AP_Ogre	47.059	85	45	0	8964	9218	1	85	4.75e-22	82.0	17459	85
tig00000616_arrow__	AP_Ogre	47.059	85	45	0	8783	9037	1	85	4.65e-22	82.0	17097	85
tig00000616_arrow__	AP_Ogre	47.059	85	45	0	8607	8861	1	85	4.55e-22	82.0	16742	85
tig00000616_arrow__	AP_Ogre	47.059	85	45	0	16162	16416	1	85	7.10e-22	82.0	26057	85
tig00000616_arrow__	AP_Ogre	47.059	85	45	0	8424	8678	1	85	4.45e-22	82.0	16380	85
tig00000616_arrow__	AP_Ogre	47.059	85	45	0	8261	8515	1	85	4.36e-22	82.0	16039	85
tig00000616_arrow__	AP_Ogre	47.059	85	45	0	8087	8341	1	85	4.26e-22	82.0	15686	85
tig00000616_arrow__	AP_Ogre	47.059	85	45	0	7905	8159	1	85	4.16e-22	82.0	15325	85
tig00000616_arrow__	AP_Ogre	47.059	85	45	0	7730	7984	1	85	4.07e-22	82.0	14972	85
tig00000616_arrow__	AP_Ogre	47.059	85	45	0	7551	7805	1	85	3.97e-22	82.0	14604	85
tig00000616_arrow__	AP_Ogre	47.059	85	45	0	16165	16419	1	85	7.10e-22	82.0	26067	85
tig00000616_arrow__	AP_Ogre	47.059	85	45	0	7368	7622	1	85	3.87e-22	82.0	14243	85
tig00000616_arrow__	AP_Ogre	47.059	85	45	0	7188	7442	1	85	3.77e-22	82.0	13895	85
tig00000616_arrow__	AP_Ogre	47.059	85	45	0	7015	7269	1	85	3.68e-22	82.0	13543	85
tig00000616_arrow__	AP_Ogre	47.059	85	45	0	6820	7074	1	85	3.57e-22	82.0	13167	85
tig00000616_arrow__	AP_Ogre	47.059	85	45	0	6651	6905	1	85	3.48e-22	82.0	12821	85
tig00000616_arrow__	AP_Ogre	47.059	85	45	0	6475	6729	1	85	3.38e-22	82.0	12467	85
tig00000616_arrow__	AP_Ogre	47.059	85	45	0	6293	6547	1	85	3.28e-22	82.0	12106	85
tig00000616_arrow__	AP_Ogre	47.059	85	45	0	7345	7599	1	85	5.27e-22	82.0	19359	85
tig00000616_arrow__	AP_Ogre	47.059	85	45	0	13769	14023	1	85	7.02e-22	82.0	25784	85
tig00000616_arrow__	AP_Ogre	47.059	85	45	0	16094	16348	1	85	7.66e-22	82.0	28109	85
tig00000616_arrow__	AP_Ogre	47.059	85	45	0	14842	15096	1	85	7.32e-22	82.0	26848	85
tig00000616_arrow__	AP_Ogre	47.059	85	45	0	15558	15812	1	85	7.51e-22	82.0	27573	85
tig00000616_arrow__	AP_Ogre	47.059	85	45	0	14304	14558	1	85	7.17e-22	82.0	26319	85
tig00000616_arrow__	AP_Ogre	47.059	85	45	0	10727	10981	1	85	6.19e-22	82.0	22742	85
tig00000616_arrow__	AP_Ogre	47.059	85	45	0	13412	13666	1	85	6.93e-22	82.0	25427	85
tig00000616_arrow__	AP_Ogre	47.059	85	45	0	13948	14202	1	85	7.07e-22	82.0	25963	85
tig00000616_arrow__	AP_Ogre	47.059	85	45	0	14127	14381	1	85	7.12e-22	82.0	26142	85
tig00000616_arrow__	AP_Ogre	47.059	85	45	0	15021	15275	1	85	7.37e-22	82.0	27036	85
tig00000616_arrow__	AP_Ogre	47.059	85	45	0	11085	11339	1	85	6.29e-22	82.0	23100	85
tig00000616_arrow__	AP_Ogre	47.059	85	45	0	6450	6704	1	85	5.02e-22	82.0	18465	85
tig00000616_arrow__	AP_Ogre	47.059	85	45	0	14664	14918	1	85	7.27e-22	82.0	26679	85
tig00000616_arrow__	AP_Ogre	47.059	85	45	0	15200	15454	1	85	7.42e-22	82.0	27216	85
tig00000616_arrow__	AP_Ogre	47.059	85	45	0	13590	13844	1	85	6.98e-22	82.0	25605	85
tig00000616_arrow__	AP_Ogre	47.059	85	45	0	6629	6883	1	85	5.07e-22	82.0	18644	85
tig00000616_arrow__	AP_Ogre	47.059	85	45	0	14485	14739	1	85	7.22e-22	82.0	26500	85
tig00000616_arrow__	AP_Ogre	47.059	85	45	0	8230	8484	1	85	5.51e-22	82.0	20245	85
tig00000616_arrow__	AP_Ogre	47.059	85	45	0	7881	8135	1	85	5.41e-22	82.0	19896	85
tig00000616_arrow__	AP_Ogre	47.059	85	45	0	6271	6525	1	85	4.96e-22	82.0	18250	85
tig00000616_arrow__	AP_Ogre	47.059	85	45	0	7703	7957	1	85	5.37e-22	82.0	19719	85
tig00000616_arrow__	AP_Ogre	47.059	85	45	0	6809	7063	1	85	5.12e-22	82.0	18824	85
tig00000616_arrow__	AP_Ogre	47.059	85	45	0	10190	10444	1	85	6.05e-22	82.0	22205	85
tig00000616_arrow__	AP_Ogre	47.059	85	45	0	11622	11876	1	85	6.44e-22	82.0	23637	85
tig00000616_arrow__	AP_Ogre	47.059	85	45	0	15379	15633	1	85	7.47e-22	82.0	27394	85
tig00000616_arrow__	AP_Ogre	47.059	85	45	0	6988	7242	1	85	5.17e-22	82.0	19004	85
tig00000616_arrow__	AP_Ogre	47.059	85	45	0	13233	13487	1	85	6.87e-22	82.0	25214	85
tig00000616_arrow__	AP_Ogre	47.059	85	45	0	6118	6372	1	85	3.19e-22	82.0	11752	85
tig00000616_arrow__	AP_Ogre	47.059	85	45	0	11257	11511	1	85	6.34e-22	82.0	23269	85
tig00000616_arrow__	AP_Ogre	47.059	85	45	0	12875	13129	1	85	6.78e-22	82.0	24890	85
tig00000616_arrow__	AP_Ogre	47.059	85	45	0	10548	10802	1	85	6.14e-22	82.0	22560	85
tig00000616_arrow__	AP_Ogre	47.059	85	45	0	9474	9728	1	85	5.85e-22	82.0	21486	85
tig00000616_arrow__	AP_Ogre	47.059	85	45	0	12338	12592	1	85	6.63e-22	82.0	24353	85
tig00000616_arrow__	AP_Ogre	47.059	85	45	0	8061	8315	1	85	5.46e-22	82.0	20075	85
tig00000616_arrow__	AP_Ogre	47.059	85	45	0	10369	10623	1	85	6.10e-22	82.0	22385	85
tig00000616_arrow__	AP_Ogre	47.059	85	45	0	10011	10265	1	85	5.99e-22	82.0	21992	85
tig00000616_arrow__	AP_Ogre	47.059	85	45	0	15736	15990	1	85	7.56e-22	82.0	27751	85
tig00000616_arrow__	AP_Ogre	47.059	85	45	0	12159	12413	1	85	6.58e-22	82.0	24173	85
tig00000616_arrow__	AP_Ogre	47.059	85	45	0	12696	12950	1	85	6.72e-22	82.0	24674	85
tig00000616_arrow__	AP_Ogre	47.059	85	45	0	15914	16168	1	85	7.60e-22	82.0	27895	85
tig00000616_arrow__	AP_Ogre	47.059	85	45	0	11801	12055	1	85	6.49e-22	82.0	23816	85
tig00000616_arrow__	AP_Ogre	47.059	85	45	0	8400	8654	1	85	5.56e-22	82.0	20415	85
tig00000616_arrow__	AP_Ogre	47.059	85	45	0	12517	12771	1	85	6.68e-22	82.0	24532	85
tig00000616_arrow__	AP_Ogre	47.059	85	45	0	13054	13308	1	85	6.83e-22	82.0	25059	85
tig00000616_arrow__	AP_Ogre	47.059	85	45	0	11443	11697	1	85	6.39e-22	82.0	23458	85
tig00000616_arrow__	AP_Ogre	47.059	85	45	0	7166	7420	1	85	5.22e-22	82.0	19181	85
tig00000616_arrow__	AP_Ogre	47.059	85	45	0	7524	7778	1	85	5.32e-22	82.0	19539	85
tig00000616_arrow__	AP_Ogre	47.059	85	45	0	9653	9907	1	85	5.90e-22	82.0	21668	85
tig00000616_arrow__	AP_Ogre	47.059	85	45	0	11980	12234	1	85	6.54e-22	82.0	23995	85
tig00000616_arrow__	AP_Ogre	47.059	85	45	0	6092	6346	1	85	4.87e-22	82.0	17900	85
tig00000616_arrow__	AP_Ogre	47.059	85	45	0	9116	9370	1	85	5.75e-22	82.0	21131	85
tig00000616_arrow__	AP_Ogre	47.059	85	45	0	9295	9549	1	85	5.79e-22	82.0	21276	85
tig00000616_arrow__	AP_Ogre	47.059	85	45	0	8581	8835	1	85	5.61e-22	82.0	20596	85
tig00000616_arrow__	AP_Ogre	47.059	85	45	0	5940	6194	1	85	3.09e-22	82.0	11387	85
tig00000616_arrow__	AP_Ogre	47.059	85	45	0	8760	9014	1	85	5.65e-22	82.0	20775	85
tig00000616_arrow__	AP_Ogre	47.059	85	45	0	5911	6165	1	85	4.77e-22	82.0	17545	85
tig00000616_arrow__	AP_Ogre	47.059	85	45	0	16136	16390	1	85	7.67e-22	82.0	28151	85
tig00000616_arrow__	AP_Ogre	47.059	85	45	0	5761	6015	1	85	2.99e-22	82.0	11037	85
tig00000616_arrow__	AP_Ogre	47.059	85	45	0	5734	5988	1	85	4.67e-22	82.0	17175	85
tig00000616_arrow__	AP_Ogre	47.059	85	45	0	5581	5835	1	85	2.89e-22	82.0	10678	85
tig00000616_arrow__	AP_Ogre	47.059	85	45	0	5403	5657	1	85	2.79e-22	82.0	10312	85
tig00000616_arrow__	AP_Ogre	47.059	85	45	0	5555	5809	1	85	4.58e-22	82.0	16826	85
tig00000616_arrow__	AP_Ogre	47.059	85	45	0	5375	5629	1	85	4.48e-22	82.0	16467	85
tig00000616_arrow__	AP_Ogre	47.059	85	45	0	5220	5474	1	85	2.70e-22	82.0	9959	85
tig00000616_arrow__	AP_Ogre	47.059	85	45	0	16151	16405	1	85	7.67e-22	82.0	28132	85
tig00000616_arrow__	AP_Ogre	47.059	85	45	0	5196	5450	1	85	4.38e-22	82.0	16114	85
tig00000634_arrow__	AP_Ogre	43.373	83	47	0	9883	10131	3	85	1.07e-17	69.7	18953	85
tig00000634_arrow__	AP_Ogre	43.373	83	47	0	8379	8627	3	85	1.06e-17	69.7	18824	85
tig00000643_arrow__	AP_Ogre	43.529	85	48	0	6486	6740	1	85	5.50e-22	82.0	17313	85
tig00000644_arrow__	AP_Ogre	33.333	75	50	0	6622	6846	1	75	2.49e-11	50.1	18137	85
tig00000696_arrow__	AP_Ogre	47.059	85	45	0	9569	9823	1	85	2.02e-21	80.5	20324	85
tig00000768_arrow__	AP_Ogre	45.882	85	46	0	7706	7960	1	85	1.02e-22	84.0	17645	85
tig00000787_arrow__	AP_Cyclops-2	66.667	39	13	0	3256	3372	50	88	4.52e-20	59.3	10722	88
tig00000787_arrow__	AP_Cyclops-2	66.667	39	13	0	2028	2144	50	88	3.26e-20	59.3	7343	88
tig00000787_arrow__	AP_Cyclops-2	66.667	39	13	0	3256	3372	50	88	3.26e-20	59.3	7342	88
tig00000794_arrow__	AP_Ogre	45.882	85	46	0	7559	7813	1	85	2.13e-24	88.6	17424	85
tig00000886_arrow__	AP_Ogre	45.000	80	44	0	8046	8285	6	85	2.39e-16	66.2	22364	85
tig00001010_arrow__	AP_Ogre	45.882	85	46	0	7708	7962	1	85	2.06e-24	89.0	17491	85
tig00001014_arrow__	AP_Calypso5-1	44.318	88	49	0	2893	3156	2	89	2.35e-23	85.1	9227	89
tig00001092_arrow__	AP_Ogre	40.000	75	45	0	8216	8440	11	85	1.69e-16	66.2	18116	85
tig00001132_arrow__	AP_Ogre	53.704	54	25	0	43	204	32	85	1.24e-15	63.9	20406	85
tig00001153_arrow__	AP_Ogre	41.250	80	47	0	9830	10069	6	85	3.12e-17	68.6	20718	85
tig00001169_arrow__	AP_Ogre	45.882	85	46	0	8781	9035	1	85	2.85e-24	88.6	18392	85
tig00001169_arrow__	AP_Ogre	45.882	85	46	0	6526	6780	1	85	2.66e-24	88.6	17215	85
tig00001280_arrow__	AP_Ogre	43.529	85	48	0	7943	8197	1	85	1.98e-22	83.2	17495	85
tig00001357_arrow__	AP_Ogre	34.667	75	49	0	5615	5839	1	75	1.91e-11	48.5	21874	85
tig00001357_arrow__	AP_Ogre	34.667	75	49	0	6682	6906	1	75	1.84e-11	48.5	21045	85
tig00001400_arrow__	AP_Ogre	40.000	85	51	0	10483	10737	1	85	1.23e-17	69.7	20553	85
tig00001400_arrow__	AP_Ogre	40.000	85	51	0	8316	8570	1	85	1.58e-17	69.7	26401	85
tig00001400_arrow__	AP_Ogre	40.000	85	51	0	10483	10737	1	85	1.58e-17	69.7	26418	85
tig00001400_arrow__	AP_Ogre	40.000	85	51	0	6958	7212	1	85	1.37e-17	69.7	22860	85
tig00001400_arrow__	AP_Ogre	40.000	85	51	0	8325	8579	1	85	1.36e-17	69.7	22828	85
tig00001400_arrow__	AP_Ogre	40.000	85	51	0	8325	8579	1	85	1.18e-17	69.7	19765	85
tig00001400_arrow__	AP_Ogre	40.000	85	51	0	12847	13101	1	85	1.97e-17	69.7	32980	85
tig00001417_arrow__	AP_Ogre	47.059	85	45	0	8120	8374	1	85	8.29e-24	87.0	18544	85
tig00001445_arrow__	AP_Ogre	44.706	85	47	0	10256	10510	1	85	1.31e-18	72.4	21265	85
tig00001473_arrow__	AP_Ogre	38.824	85	52	0	10933	11187	1	85	1.83e-15	63.5	21221	85
tig00001490_arrow__	AP_Ogre	40.000	85	51	0	9430	9684	1	85	1.22e-16	67.0	19963	85
tig00001606_arrow__	AP_Ogre	47.059	85	45	0	7041	7295	1	85	5.45e-24	87.4	17315	85
tig00001748_arrow__	AP_Ogre	38.824	85	52	0	6587	6841	1	85	4.30e-17	67.8	17225	85
tig00001768_arrow__	AP_Ogre	37.805	82	51	0	4277	4522	1	82	9.88e-14	58.5	17442	85
tig00001789_arrow__	AP_Ogre	45.882	85	46	0	8695	8949	1	85	2.66e-20	77.4	19119	85
tig00002028_arrow__	AP_Ogre	43.529	85	48	0	12432	12686	1	85	1.73e-22	84.0	32844	85
tig00002028_arrow__	AP_Ogre	43.529	85	48	0	7718	7972	1	85	9.33e-23	84.0	17790	85
tig00002294_arrow__	AP_Ogre	47.059	85	45	0	7483	7737	1	85	2.46e-23	85.9	17258	85
tig00021141_arrow__	AP_Ogre	48.235	85	44	0	9712	9966	1	85	8.34e-22	81.6	20950	85
tig00021143_arrow__	AP_Calypso5-1	46.667	60	32	0	3164	3343	12	71	1.48e-15	63.2	12449	89
tig00021143_arrow__	AP_Calypso5-1	46.667	60	32	0	12276	12455	12	71	3.40e-15	63.2	28382	89
tig00021151_arrow__	AP_Ogre	47.059	85	45	0	7876	8130	1	85	3.67e-24	88.2	18062	85
tig00021153_arrow__	AP_Ogre	42.353	85	49	0	8331	8585	1	85	5.59e-19	73.6	20163	85
tig00021153_arrow__	AP_Ogre	42.353	85	49	0	14681	14935	1	85	9.01e-19	73.6	32475	85
tig00021153_arrow__	AP_Ogre	42.353	85	49	0	8787	9041	1	85	5.27e-19	73.6	19015	85
tig00021156_arrow__	AP_Ogre	44.706	85	47	0	7703	7957	1	85	1.84e-23	86.3	17612	85
tig00021175_arrow__	AP_Ogre	43.529	85	48	0	9570	9824	1	85	1.03e-17	70.1	20330	85
tig00021177_arrow__	AP_Ogre	47.059	85	45	0	2612	2866	1	85	4.23e-21	79.0	12160	85
tig00021179_arrow__	AP_Ogre	37.647	85	53	0	11518	11772	1	85	1.62e-15	63.9	22860	85
tig00021179_arrow__	AP_Ogre	37.647	85	53	0	12674	12928	1	85	1.57e-15	63.9	22148	85
tig00021182_arrow__	AP_Calypso4-1	48.864	88	45	0	3125	3388	2	89	1.91e-28	99.8	9431	89
tig00021183_arrow__	AP_Calypso5-1	48.864	88	45	0	3332	3595	2	89	1.04e-25	92.0	9630	89
tig00021184_arrow__	AP_Calypso5-1	48.864	88	45	0	3333	3596	2	89	1.04e-25	92.0	9631	89
tig00021197_arrow__	AP_Ogre	48.235	85	44	0	7858	8112	1	85	1.62e-24	89.0	18095	85
tig00021205_arrow__	AP_Ogre	32.941	85	53	1	9642	9884	1	85	7.95e-14	58.9	19933	85
tig00021205_arrow__	AP_Ogre	32.941	85	53	1	7998	8240	1	85	7.79e-14	58.9	19517	85
tig00021208_arrow__	AP_Ogre	44.706	85	47	0	13335	13589	1	85	8.19e-20	76.3	24236	85
tig00021213_arrow__	AP_Ogre	28.788	66	47	0	6894	7091	1	66	1.20e-06	38.5	20859	85
tig00021220_arrow__	AP_Ogre	47.059	85	45	0	8070	8324	1	85	5.43e-24	87.8	18649	85
tig00021223_arrow__	AP_Ogre	43.529	85	48	0	7599	7853	1	85	5.79e-22	81.6	16524	85
tig00021223_arrow__	AP_Ogre	43.529	85	48	0	6313	6567	1	85	5.81e-22	81.6	16578	85
tig00021225_arrow__	AP_Ogre	47.059	85	45	0	6046	6300	1	85	5.63e-24	87.4	16533	85
tig00021229_arrow__	AP_Ogre	43.529	85	48	0	7899	8153	1	85	6.39e-22	81.6	18049	85
tig00021236_arrow__	AP_Ogre	47.059	85	45	0	8033	8287	1	85	5.96e-24	87.4	18555	85
tig00021242_arrow__	AP_Ogre	47.059	85	45	0	7226	7480	1	85	3.98e-24	87.8	17429	85
tig00021261_arrow__	AP_Ogre	44.706	85	47	0	7818	8072	1	85	2.11e-23	85.9	17987	85
tig00021262_arrow__	AP_Ogre	45.882	85	46	0	8117	8371	1	85	8.59e-24	87.0	16934	85
tig00021264_arrow__	AP_Ogre	38.824	85	52	0	10326	10580	1	85	6.35e-17	67.8	20092	85
tig00021266_arrow__	AP_Ogre	43.529	85	48	0	5191	5445	1	85	3.19e-20	77.0	20177	85
tig00021274_arrow__	AP_Ogre	47.059	85	45	0	8279	8533	1	85	5.18e-24	87.8	19038	85
tig00021282_arrow__	AP_Diaspora	45.652	92	49	1	3170	3442	1	92	2.00e-23	85.5	8939	92
tig00021284_arrow__	AP_Ogre	47.059	85	45	0	8082	8336	1	85	8.19e-24	87.0	18495	85
tig00021287_arrow__	AP_Ogre	47.059	85	45	0	7474	7728	1	85	6.65e-23	84.3	16661	85
tig00021294_arrow__	AP_Ogre	40.000	85	51	0	7149	7403	1	85	6.72e-19	73.2	18653	85
tig00021296_arrow__	AP_Ogre	41.250	80	47	0	9852	10091	6	85	2.31e-17	68.9	20781	85
tig00021297_arrow__	AP_Ogre	53.704	54	25	0	8035	8196	32	85	5.47e-16	64.7	17332	85
tig00021297_arrow__	AP_Ogre	53.704	54	25	0	43	204	32	85	8.89e-16	64.3	20417	85
tig00021297_arrow__	AP_Ogre	53.704	54	25	0	5522	5683	32	85	5.87e-16	64.7	18592	85
tig00021298_arrow__	AP_Ogre	42.353	85	49	0	10311	10565	1	85	7.93e-21	79.0	19821	85
tig00021300_arrow__	AP_Ogre	47.059	85	45	0	8614	8868	1	85	2.43e-21	80.1	19172	85
tig00021301_arrow__	AP_Ogre	37.647	85	53	0	6061	6315	1	85	3.56e-18	70.9	15680	85
tig00021302_arrow__	AP_Ogre	37.647	85	53	0	6268	6522	1	85	1.36e-17	69.3	16427	85
tig00021307_arrow__	AP_Ogre	45.882	85	46	0	9589	9843	1	85	2.36e-20	77.4	20578	85
tig00021309_arrow__	AP_Ogre	47.059	85	45	0	9594	9848	1	85	2.84e-21	80.1	20337	85
tig00021316_arrow__	AP_Ogre	47.059	85	45	0	8327	8581	1	85	5.87e-24	87.8	19170	85
tig00021318_arrow__	AP_Ogre	55.769	52	23	0	9614	9769	34	85	3.41e-15	62.8	20398	85
tig00021326_arrow__	AP_Ogre	47.059	85	45	0	7766	8020	1	85	2.17e-24	88.6	17232	85
tig00021330_arrow__	AP_Ogre	43.529	85	48	0	8195	8449	1	85	7.92e-17	67.4	20207	85
tig00021330_arrow__	AP_Ogre	43.529	85	48	0	9699	9953	1	85	7.41e-17	67.4	18920	85
tig00021330_arrow__	AP_Ogre	43.529	85	48	0	12010	12264	1	85	1.17e-16	67.4	29852	85
tig00021339_arrow__	AP_Ogre	57.407	54	23	0	7584	7745	32	85	9.86e-19	72.8	17318	85
tig00021340_arrow__	AP_Ogre	45.882	85	46	0	7834	8088	1	85	2.13e-24	89.0	17923	85
tig00021342_arrow__	AP_Ogre	45.882	85	46	0	7425	7679	1	85	1.37e-22	83.6	17299	85
tig00021345_arrow__	AP_Ogre	42.500	80	46	0	7979	8218	6	85	1.71e-15	63.9	22305	85
tig00021376_arrow__	AP_Calypso5-1	50.000	52	26	0	5321	5476	4	55	2.25e-14	52.0	11863	89
tig00021384_arrow__	AP_Ogre	45.882	85	46	0	8817	9071	1	85	5.53e-21	79.3	22479	85
tig00021385_arrow__	AP_Ogre	41.176	85	49	1	7810	8061	1	85	4.33e-10	48.1	19854	85
tig00021385_arrow__	AP_Ogre	41.176	85	49	1	12960	13211	1	85	7.26e-10	48.1	33248	85
tig00021392_arrow__	AP_Ogre	41.176	85	50	0	8604	8858	1	85	1.49e-16	66.6	19400	85
tig00021394_arrow__	AP_Ogre	45.882	85	46	0	7879	8133	1	85	1.90e-24	89.0	17958	85
tig00021399_arrow__	AP_Ogre	47.059	85	45	0	8116	8370	1	85	9.62e-24	87.4	28198	85
tig00021401_arrow__	AP_Ogre	45.882	85	46	0	7910	8164	1	85	1.20e-24	89.4	18027	85
tig00021420_arrow__	AP_Ogre	47.059	85	45	0	8220	8474	1	85	6.41e-24	87.4	18814	85
tig00021426_arrow__	AP_Ogre	43.529	85	48	0	7944	8198	1	85	1.51e-22	83.6	17497	85
tig00021433_arrow__	AP_Ogre	36.471	85	54	0	9451	9705	1	85	1.17e-15	63.9	20393	85
tig00021437_arrow__	AP_Ogre	47.059	85	45	0	9538	9792	1	85	2.06e-21	80.5	20283	85
tig00021441_arrow__	AP_Ogre	47.059	85	45	0	8177	8431	1	85	5.40e-24	87.8	19086	85
tig00021443_arrow__	AP_Ogre	47.059	85	45	0	8341	8595	1	85	5.95e-24	87.8	19259	85
tig00021443_arrow__	AP_Ogre	47.059	85	45	0	15730	15984	1	85	1.05e-23	87.8	34056	85
tig00021447_arrow__	AP_Ogre	44.706	85	47	0	8073	8327	1	85	5.38e-23	84.7	18394	85
tig00021450_arrow__	AP_Ogre	47.059	85	45	0	9473	9727	1	85	8.55e-22	81.6	20275	85
tig00062549_arrow__	AP_Ogre	39.286	84	51	0	10215	10466	2	85	1.17e-17	69.7	20189	85
tig00062549_arrow__	AP_Ogre	39.286	84	51	0	8130	8381	2	85	1.13e-17	69.7	19575	85
tig00062623_arrow__	AP_Ogre	47.059	85	45	0	7065	7319	1	85	2.58e-23	85.5	16954	85
tig00062625_arrow__	AP_Ogre	44.706	85	47	0	7477	7731	1	85	8.71e-23	84.3	18112	85
tig00062625_arrow__	AP_Ogre	44.706	85	47	0	12134	12388	1	85	5.67e-23	84.3	12645	85
tig00062629_arrow__	AP_Ogre	43.529	85	48	0	7699	7953	1	85	2.07e-23	85.9	17496	85
tig00062629_arrow__	AP_Ogre	43.529	85	48	0	14089	14343	1	85	4.05e-23	85.9	34103	85
tig00062629_arrow__	AP_Ogre	43.529	85	48	0	15706	15960	1	85	3.32e-23	85.9	27974	85
tig00062631_arrow__	AP_Ogre	47.059	85	45	0	9574	9828	1	85	2.10e-21	80.5	19153	85
tig00062631_arrow__	AP_Ogre	47.059	85	45	0	7703	7957	1	85	2.03e-21	80.5	18576	85
tig00062634_arrow__	AP_Ogre	47.059	85	45	0	7683	7937	1	85	1.46e-23	86.3	17651	85
tig00062639_arrow__	AP_Ogre	38.462	78	48	0	10524	10757	8	85	4.99e-14	59.7	20977	85
tig00062639_arrow__	AP_Ogre	38.462	78	48	0	8437	8670	8	85	4.65e-14	59.7	19567	85
