Warning: [blastx] Examining 5 or more matches is recommended
tig00000002_arrow__	INT_Ogre	64.571	350	124	0	11602	12651	1	350	1.40e-155	477	18114	351
tig00000083_arrow__	INT_Ogre	61.129	319	124	0	7724	8680	1	319	9.68e-129	399	8806	351
tig00000095_arrow__	INT_Ogre	63.415	287	97	1	7029	7865	63	349	4.83e-123	379	14180	351
tig00000113_arrow__	INT_Diaspora	52.747	182	79	2	5725	6249	1	182	1.15e-110	200	9630	348
tig00000131_arrow__	INT_Ogre	64.571	350	124	0	12047	13096	1	350	1.43e-157	483	18991	351
tig00000289_arrow__	INT_Ogre	65.429	350	121	0	12161	13210	1	350	8.40e-159	486	18177	351
tig00000294_arrow__	INT_Ogre	62.178	349	132	0	8394	7348	1	349	1.71e-154	473	11107	351
tig00000294_arrow__	INT_Ogre	60.745	349	137	0	2698	3744	1	349	1.03e-151	465	11088	351
tig00000370_arrow__	INT_Tat4-1	26.154	130	77	5	5660	6028	75	192	2.10e-09	52.0	16068	343
tig00000370_arrow__	INT_Tat4-1	26.154	130	77	5	5873	6241	75	192	1.67e-09	52.0	12890	343
tig00000494_arrow__	INT_Ogre	59.885	349	140	0	10174	11220	1	349	7.94e-152	466	16398	351
tig00000505_arrow__	INT_Diaspora	59.366	347	140	1	5453	6490	1	347	1.61e-134	416	15454	348
tig00000508_arrow__	INT_Ogre	64.396	323	115	0	12039	13007	1	323	8.69e-145	446	19219	351
tig00000508_arrow__	INT_Ogre	64.396	323	115	0	14439	15407	1	323	1.17e-144	446	25572	351
tig00000634_arrow__	INT_Ogre	61.047	344	133	1	13585	14616	1	343	1.75e-133	414	18953	351
tig00000634_arrow__	INT_Ogre	61.047	344	133	1	12081	13112	1	343	1.74e-133	414	18824	351
tig00000643_arrow__	INT_Ogre	61.919	344	130	1	10232	11260	7	350	4.13e-139	429	17313	351
tig00000644_arrow__	INT_Ogre	57.020	349	150	0	10509	11555	1	349	1.74e-133	414	18137	351
tig00000696_arrow__	INT_Ogre	63.610	349	127	0	13262	14308	1	349	1.27e-155	477	20324	351
tig00000768_arrow__	INT_Ogre	67.117	222	73	0	11541	12206	1	222	3.27e-127	311	17645	351
tig00000787_arrow__	INT_Diaspora	60.807	347	134	2	5510	6544	1	347	1.40e-147	453	10722	348
tig00000787_arrow__	INT_Diaspora	60.807	347	134	2	4282	5316	1	347	8.32e-148	453	7343	348
tig00000787_arrow__	INT_Diaspora	60.807	347	134	2	5510	6544	1	347	8.32e-148	453	7342	348
tig00000794_arrow__	INT_Ogre	64.857	350	123	0	11257	12306	1	350	6.52e-157	481	17424	351
tig00000886_arrow__	INT_Ogre	58.000	350	146	1	11700	12749	1	349	8.56e-143	441	22364	351
tig00001010_arrow__	INT_Ogre	64.857	350	123	0	11416	12465	1	350	3.56e-157	481	17491	351
tig00001014_arrow__	INT_Diaspora	64.118	170	60	1	5821	6327	178	347	6.21e-104	228	9227	348
tig00001092_arrow__	INT_Ogre	60.286	350	139	0	11384	12433	1	350	4.15e-140	432	18116	351
tig00001132_arrow__	INT_Ogre	65.605	157	54	0	4031	4501	102	258	1.38e-111	214	20406	351
tig00001153_arrow__	INT_Ogre	62.178	349	132	0	13109	14155	1	349	1.15e-158	486	20718	351
tig00001169_arrow__	INT_Ogre	59.875	319	128	0	12505	13461	1	319	5.58e-134	415	18392	351
tig00001169_arrow__	INT_Ogre	59.875	319	128	0	10250	11206	1	319	5.21e-134	415	17215	351
tig00001280_arrow__	INT_Ogre	63.143	350	129	0	11647	12696	1	350	3.31e-158	484	17495	351
tig00001357_arrow__	INT_Ogre	43.960	298	109	5	12111	12920	6	273	4.01e-66	220	21874	351
tig00001357_arrow__	INT_Ogre	43.960	298	109	5	13178	13987	6	273	3.85e-66	220	21045	351
tig00001400_arrow__	INT_Ogre	63.415	205	72	1	14347	14952	53	257	7.65e-94	249	20553	351
tig00001400_arrow__	INT_Ogre	63.415	205	72	1	12180	12785	53	257	9.80e-94	249	26401	351
tig00001400_arrow__	INT_Ogre	63.415	205	72	1	14347	14952	53	257	9.81e-94	249	26418	351
tig00001400_arrow__	INT_Ogre	63.415	205	72	1	10822	11427	53	257	8.51e-94	249	22860	351
tig00001400_arrow__	INT_Ogre	63.415	205	72	1	12189	12794	53	257	8.50e-94	249	22828	351
tig00001400_arrow__	INT_Ogre	63.415	205	72	1	12189	12794	53	257	7.38e-94	249	19765	351
tig00001400_arrow__	INT_Ogre	63.415	205	72	1	16711	17316	53	257	1.22e-93	249	32980	351
tig00001417_arrow__	INT_Ogre	63.143	350	129	0	11925	12974	1	350	6.76e-152	466	18544	351
tig00001445_arrow__	INT_Ogre	50.785	191	74	2	14325	14879	145	321	5.30e-100	192	21265	351
tig00001473_arrow__	INT_Ogre	56.585	205	80	1	14620	15234	1	196	1.86e-104	241	21221	351
tig00001490_arrow__	INT_Ogre	61.891	349	133	0	13116	14162	1	349	1.54e-150	462	19963	351
tig00001606_arrow__	INT_Ogre	63.714	350	127	0	10875	11924	1	350	1.48e-153	471	17315	351
tig00001748_arrow__	INT_Ogre	46.648	358	173	3	10287	11333	1	349	4.10e-104	329	17225	351
tig00001764_arrow__	INT_RetroSor1	23.626	182	136	3	3934	3392	39	218	1.90e-19	75.5	10368	343
tig00001768_arrow__	INT_Ogre	62.037	216	82	0	7872	8519	1	216	2.08e-95	304	17442	351
tig00001789_arrow__	INT_Ogre	61.458	192	74	0	12851	13426	158	349	3.86e-134	258	19119	351
tig00002028_arrow__	INT_Ogre	64.000	350	126	0	16164	17213	1	350	6.31e-154	473	32844	351
tig00002028_arrow__	INT_Ogre	64.000	350	126	0	11450	12499	1	350	3.35e-154	473	17790	351
tig00002294_arrow__	INT_Ogre	65.429	350	121	0	11187	12236	1	350	2.65e-157	482	17258	351
tig00002322_arrow__	INT_Ogre	62.626	297	111	0	15606	16496	1	297	1.34e-128	400	32280	351
tig00002322_arrow__	INT_Ogre	62.626	297	111	0	15779	16669	1	297	1.25e-128	400	30057	351
tig00002322_arrow__	INT_Ogre	62.626	297	111	0	17352	18242	1	297	1.31e-128	400	31605	351
tig00002322_arrow__	INT_Ogre	62.626	297	111	0	16670	17560	1	297	1.28e-128	400	30940	351
tig00002322_arrow__	INT_Ogre	62.626	297	111	0	17028	17918	1	297	1.30e-128	400	31315	351
tig00002322_arrow__	INT_Ogre	62.626	297	111	0	16851	17741	1	297	1.29e-128	400	31117	351
tig00002322_arrow__	INT_Ogre	62.626	297	111	0	16315	17205	1	297	1.27e-128	400	30585	351
tig00002322_arrow__	INT_Ogre	62.626	297	111	0	15957	16847	1	297	1.25e-128	400	30228	351
tig00002322_arrow__	INT_Ogre	62.626	297	111	0	16496	17386	1	297	1.28e-128	400	30783	351
tig00002322_arrow__	INT_Ogre	62.626	297	111	0	16136	17026	1	297	1.26e-128	400	30407	351
tig00002322_arrow__	INT_Ogre	62.626	297	111	0	17263	18153	1	297	1.31e-128	400	31517	351
tig00002322_arrow__	INT_Ogre	62.626	297	111	0	9104	9994	1	297	9.52e-129	400	23162	351
tig00002322_arrow__	INT_Ogre	62.626	297	111	0	9104	9994	1	297	9.61e-129	400	23374	351
tig00002322_arrow__	INT_Ogre	62.626	297	111	0	15413	16303	1	297	1.22e-128	400	29545	351
tig00002322_arrow__	INT_Ogre	62.626	297	111	0	8775	9665	1	297	9.23e-129	400	22475	351
tig00002322_arrow__	INT_Ogre	62.626	297	111	0	9104	9994	1	297	9.59e-129	400	23340	351
tig00002322_arrow__	INT_Ogre	62.626	297	111	0	8947	9837	1	297	9.38e-129	400	22826	351
tig00002322_arrow__	INT_Ogre	62.626	297	111	0	17263	18153	1	297	1.31e-128	400	31530	351
tig00002322_arrow__	INT_Ogre	62.626	297	111	0	15242	16132	1	297	1.21e-128	400	29189	351
tig00002322_arrow__	INT_Ogre	62.626	297	111	0	17263	18153	1	297	1.31e-128	400	31533	351
tig00002322_arrow__	INT_Ogre	62.626	297	111	0	17352	18242	1	297	1.31e-128	400	31622	351
tig00002322_arrow__	INT_Ogre	62.626	297	111	0	9104	9994	1	297	9.60e-129	400	23358	351
tig00002322_arrow__	INT_Ogre	62.626	297	111	0	15063	15953	1	297	1.19e-128	400	28837	351
tig00002322_arrow__	INT_Ogre	62.626	297	111	0	8589	9479	1	297	9.07e-129	400	22116	351
tig00002322_arrow__	INT_Ogre	62.626	297	111	0	14884	15774	1	297	1.18e-128	400	28479	351
tig00002322_arrow__	INT_Ogre	62.626	297	111	0	9104	9994	1	297	9.61e-129	400	23372	351
tig00002322_arrow__	INT_Ogre	62.626	297	111	0	14704	15594	1	297	1.16e-128	400	28120	351
tig00002322_arrow__	INT_Ogre	62.626	297	111	0	8410	9300	1	297	8.92e-129	400	21751	351
tig00002322_arrow__	INT_Ogre	62.626	297	111	0	17352	18242	1	297	1.31e-128	400	31606	351
tig00002322_arrow__	INT_Ogre	62.626	297	111	0	9106	9996	1	297	9.61e-129	400	23376	351
tig00002322_arrow__	INT_Ogre	62.626	297	111	0	14532	15422	1	297	1.15e-128	400	27767	351
tig00002322_arrow__	INT_Ogre	62.626	297	111	0	8231	9121	1	297	8.77e-129	400	21393	351
tig00002322_arrow__	INT_Ogre	62.626	297	111	0	9089	9979	1	297	9.61e-129	400	23376	351
tig00002322_arrow__	INT_Ogre	62.626	297	111	0	8052	8942	1	297	8.61e-129	400	21037	351
tig00002322_arrow__	INT_Ogre	62.626	297	111	0	14354	15244	1	297	1.13e-128	400	27412	351
tig00002322_arrow__	INT_Ogre	62.626	297	111	0	9089	9979	1	297	9.60e-129	400	23359	351
tig00002322_arrow__	INT_Ogre	62.626	297	111	0	7879	8769	1	297	8.47e-129	400	20686	351
tig00002322_arrow__	INT_Ogre	62.626	297	111	0	14169	15059	1	297	1.12e-128	400	27050	351
tig00002322_arrow__	INT_Ogre	62.626	297	111	0	9100	9990	1	297	9.61e-129	400	23370	351
tig00002322_arrow__	INT_Ogre	62.626	297	111	0	7694	8584	1	297	8.31e-129	400	20322	351
tig00002322_arrow__	INT_Ogre	62.626	297	111	0	13990	14880	1	297	1.10e-128	400	26690	351
tig00002322_arrow__	INT_Ogre	62.626	297	111	0	7485	8375	1	297	8.15e-129	400	19934	351
tig00002322_arrow__	INT_Ogre	62.626	297	111	0	17263	18153	1	297	1.31e-128	400	31531	351
tig00002322_arrow__	INT_Ogre	62.626	297	111	0	13810	14700	1	297	1.09e-128	400	26333	351
tig00002322_arrow__	INT_Ogre	62.626	297	111	0	7350	8240	1	297	8.01e-129	400	19616	351
tig00002322_arrow__	INT_Ogre	62.626	297	111	0	13638	14528	1	297	1.07e-128	400	25980	351
tig00002322_arrow__	INT_Ogre	62.626	297	111	0	9099	9989	1	297	9.60e-129	400	23353	351
tig00002322_arrow__	INT_Ogre	62.626	297	111	0	7172	8062	1	297	7.86e-129	400	19263	351
tig00002322_arrow__	INT_Ogre	62.626	297	111	0	6993	7883	1	297	7.71e-129	400	18904	351
tig00002322_arrow__	INT_Ogre	62.626	297	111	0	13453	14343	1	297	1.06e-128	400	25618	351
tig00002322_arrow__	INT_Ogre	62.626	297	111	0	17352	18242	1	297	1.31e-128	400	31618	351
tig00002322_arrow__	INT_Ogre	62.626	297	111	0	13280	14170	1	297	1.04e-128	400	25263	351
tig00002322_arrow__	INT_Ogre	62.626	297	111	0	6635	7525	1	297	7.40e-129	400	18189	351
tig00002322_arrow__	INT_Ogre	62.626	297	111	0	6814	7704	1	297	7.56e-129	400	18545	351
tig00002322_arrow__	INT_Ogre	62.626	297	111	0	13093	13983	1	297	1.02e-128	400	24843	351
tig00002322_arrow__	INT_Ogre	62.626	297	111	0	12916	13806	1	297	1.01e-128	400	24544	351
tig00002322_arrow__	INT_Ogre	62.626	297	111	0	17255	18145	1	297	1.31e-128	400	31525	351
tig00002322_arrow__	INT_Ogre	62.626	297	111	0	17352	18242	1	297	1.31e-128	400	31639	351
tig00002322_arrow__	INT_Ogre	62.626	297	111	0	6459	7349	1	297	7.25e-129	400	17834	351
tig00002322_arrow__	INT_Ogre	62.626	297	111	0	12744	13634	1	297	9.96e-129	400	24193	351
tig00002322_arrow__	INT_Ogre	62.626	297	111	0	6276	7166	1	297	7.10e-129	400	17475	351
tig00002322_arrow__	INT_Ogre	62.626	297	111	0	12565	13455	1	297	9.81e-129	400	23838	351
tig00002322_arrow__	INT_Ogre	62.626	297	111	0	9104	9994	1	297	9.61e-129	400	23370	351
tig00002322_arrow__	INT_Ogre	62.626	297	111	0	12380	13270	1	297	9.65e-129	400	23474	351
tig00002322_arrow__	INT_Ogre	62.626	297	111	0	6098	6988	1	297	6.95e-129	400	17118	351
tig00002322_arrow__	INT_Ogre	62.626	297	111	0	17352	18242	1	297	1.31e-128	400	31619	351
tig00002322_arrow__	INT_Ogre	62.626	297	111	0	5919	6809	1	297	6.80e-129	400	16760	351
tig00002322_arrow__	INT_Ogre	62.626	297	111	0	12193	13083	1	297	9.50e-129	400	23108	351
tig00002322_arrow__	INT_Ogre	62.626	297	111	0	5741	6631	1	297	6.64e-129	400	16403	351
tig00002322_arrow__	INT_Ogre	62.626	297	111	0	12022	12912	1	297	9.35e-129	400	22758	351
tig00002322_arrow__	INT_Ogre	62.626	297	111	0	5562	6452	1	297	6.49e-129	400	16046	351
tig00002322_arrow__	INT_Ogre	62.626	297	111	0	11843	12733	1	297	9.19e-129	400	22401	351
tig00002322_arrow__	INT_Ogre	62.626	297	111	0	6846	7736	1	297	9.67e-129	400	23520	351
tig00002322_arrow__	INT_Ogre	62.626	297	111	0	16168	17058	1	297	1.36e-128	400	32842	351
tig00002322_arrow__	INT_Ogre	62.626	297	111	0	17063	17953	1	297	1.40e-128	400	33737	351
tig00002322_arrow__	INT_Ogre	62.626	297	111	0	11671	12561	1	297	9.05e-129	400	22052	351
tig00002322_arrow__	INT_Ogre	62.626	297	111	0	16526	17416	1	297	1.38e-128	400	33200	351
tig00002322_arrow__	INT_Ogre	62.626	297	111	0	7025	7915	1	297	9.75e-129	400	23699	351
tig00002322_arrow__	INT_Ogre	62.626	297	111	0	5384	6274	1	297	6.34e-129	400	15691	351
tig00002322_arrow__	INT_Ogre	62.626	297	111	0	16347	17237	1	297	1.37e-128	400	33021	351
tig00002322_arrow__	INT_Ogre	62.626	297	111	0	15811	16701	1	297	1.35e-128	400	32481	351
tig00002322_arrow__	INT_Ogre	62.626	297	111	0	6667	7557	1	297	9.60e-129	400	23341	351
tig00002322_arrow__	INT_Ogre	62.626	297	111	0	15632	16522	1	297	1.34e-128	400	32306	351
tig00002322_arrow__	INT_Ogre	62.626	297	111	0	7382	8272	1	297	9.90e-129	400	24056	351
tig00002322_arrow__	INT_Ogre	62.626	297	111	0	15989	16879	1	297	1.36e-128	400	32663	351
tig00002322_arrow__	INT_Ogre	62.626	297	111	0	14201	15091	1	297	1.28e-128	400	30872	351
tig00002322_arrow__	INT_Ogre	62.626	297	111	0	12948	13838	1	297	1.23e-128	400	29622	351
tig00002322_arrow__	INT_Ogre	62.626	297	111	0	6309	7199	1	297	9.44e-129	400	22983	351
tig00002322_arrow__	INT_Ogre	62.626	297	111	0	17241	18131	1	297	1.41e-128	400	33914	351
tig00002322_arrow__	INT_Ogre	62.626	297	111	0	16705	17595	1	297	1.39e-128	400	33373	351
tig00002322_arrow__	INT_Ogre	62.626	297	111	0	7547	8437	1	297	9.97e-129	400	24221	351
tig00002322_arrow__	INT_Ogre	62.626	297	111	0	7204	8094	1	297	9.82e-129	400	23878	351
tig00002322_arrow__	INT_Ogre	62.626	297	111	0	13306	14196	1	297	1.24e-128	400	29980	351
tig00002322_arrow__	INT_Ogre	62.626	297	111	0	15453	16343	1	297	1.33e-128	400	32123	351
tig00002322_arrow__	INT_Ogre	62.626	297	111	0	8621	9511	1	297	1.04e-128	400	25295	351
tig00002322_arrow__	INT_Ogre	62.626	297	111	0	5203	6093	1	297	6.19e-129	400	15331	351
tig00002322_arrow__	INT_Ogre	62.626	297	111	0	14916	15806	1	297	1.31e-128	400	31590	351
tig00002322_arrow__	INT_Ogre	62.626	297	111	0	11875	12765	1	297	1.18e-128	400	28549	351
tig00002322_arrow__	INT_Ogre	62.626	297	111	0	5416	6306	1	297	9.06e-129	400	22090	351
tig00002322_arrow__	INT_Ogre	62.626	297	111	0	14558	15448	1	297	1.30e-128	400	31232	351
tig00002322_arrow__	INT_Ogre	62.626	297	111	0	14022	14912	1	297	1.27e-128	400	30696	351
tig00002322_arrow__	INT_Ogre	62.626	297	111	0	8084	8974	1	297	1.02e-128	400	24758	351
tig00002322_arrow__	INT_Ogre	62.626	297	111	0	7727	8617	1	297	1.00e-128	400	24401	351
tig00002322_arrow__	INT_Ogre	62.626	297	111	0	5771	6661	1	297	9.21e-129	400	22441	351
tig00002322_arrow__	INT_Ogre	62.626	297	111	0	6488	7378	1	297	9.52e-129	400	23162	351
tig00002322_arrow__	INT_Ogre	62.626	297	111	0	14736	15626	1	297	1.30e-128	400	31410	351
tig00002322_arrow__	INT_Ogre	62.626	297	111	0	12233	13123	1	297	1.20e-128	400	28907	351
tig00002322_arrow__	INT_Ogre	62.626	297	111	0	8263	9153	1	297	1.03e-128	400	24937	351
tig00002322_arrow__	INT_Ogre	62.626	297	111	0	15095	15985	1	297	1.32e-128	400	31769	351
tig00002322_arrow__	INT_Ogre	62.626	297	111	0	6130	7020	1	297	9.37e-129	400	22804	351
tig00002322_arrow__	INT_Ogre	62.626	297	111	0	11486	12376	1	297	8.89e-129	400	21688	351
tig00002322_arrow__	INT_Ogre	62.626	297	111	0	5952	6842	1	297	9.29e-129	400	22626	351
tig00002322_arrow__	INT_Ogre	62.626	297	111	0	11697	12587	1	297	1.17e-128	400	28366	351
tig00002322_arrow__	INT_Ogre	62.626	297	111	0	12054	12944	1	297	1.19e-128	400	28728	351
tig00002322_arrow__	INT_Ogre	62.626	297	111	0	12770	13660	1	297	1.22e-128	400	29444	351
tig00002322_arrow__	INT_Ogre	62.626	297	111	0	8800	9690	1	297	1.05e-128	400	25474	351
tig00002322_arrow__	INT_Ogre	62.626	297	111	0	7905	8795	1	297	1.01e-128	400	24579	351
tig00002322_arrow__	INT_Ogre	62.626	297	111	0	16883	17773	1	297	1.39e-128	400	33557	351
tig00002322_arrow__	INT_Ogre	62.626	297	111	0	8977	9867	1	297	1.06e-128	400	25651	351
tig00002322_arrow__	INT_Ogre	62.626	297	111	0	12410	13300	1	297	1.20e-128	400	29084	351
tig00002322_arrow__	INT_Ogre	62.626	297	111	0	5594	6484	1	297	9.14e-129	400	22268	351
tig00002322_arrow__	INT_Ogre	62.626	297	111	0	13128	14018	1	297	1.23e-128	400	29802	351
tig00002322_arrow__	INT_Ogre	62.626	297	111	0	12591	13481	1	297	1.21e-128	400	29261	351
tig00002322_arrow__	INT_Ogre	62.626	297	111	0	15274	16164	1	297	1.33e-128	400	31948	351
tig00002322_arrow__	INT_Ogre	62.626	297	111	0	13485	14375	1	297	1.25e-128	400	30159	351
tig00002322_arrow__	INT_Ogre	62.626	297	111	0	14380	15270	1	297	1.29e-128	400	31048	351
tig00002322_arrow__	INT_Ogre	62.626	297	111	0	8442	9332	1	297	1.03e-128	400	25112	351
tig00002322_arrow__	INT_Ogre	62.626	297	111	0	13842	14732	1	297	1.26e-128	400	30512	351
tig00002322_arrow__	INT_Ogre	62.626	297	111	0	5237	6127	1	297	8.96e-129	400	21841	351
tig00002322_arrow__	INT_Ogre	62.626	297	111	0	13664	14554	1	297	1.26e-128	400	30338	351
tig00002322_arrow__	INT_Ogre	62.626	297	111	0	11307	12197	1	297	8.74e-129	400	21330	351
tig00002322_arrow__	INT_Ogre	62.626	297	111	0	11518	12408	1	297	1.17e-128	400	28192	351
tig00002322_arrow__	INT_Ogre	62.626	297	111	0	9099	9989	1	297	9.61e-129	400	23386	351
tig00002322_arrow__	INT_Ogre	62.626	297	111	0	9104	9994	1	297	1.06e-128	400	25778	351
tig00002322_arrow__	INT_Ogre	62.626	297	111	0	17263	18153	1	297	1.41e-128	400	33937	351
tig00002322_arrow__	INT_Ogre	62.626	297	111	0	11339	12229	1	297	1.15e-128	400	27839	351
tig00002322_arrow__	INT_Ogre	62.626	297	111	0	5032	5922	1	297	6.04e-129	400	14979	351
tig00002322_arrow__	INT_Ogre	62.626	297	111	0	5058	5948	1	297	8.80e-129	400	21484	351
tig00002322_arrow__	INT_Ogre	62.626	297	111	0	17352	18242	1	297	1.41e-128	400	34026	351
tig00002322_arrow__	INT_Ogre	62.626	297	111	0	11128	12018	1	297	8.59e-129	400	20971	351
tig00002322_arrow__	INT_Ogre	62.626	297	111	0	11160	12050	1	297	1.13e-128	400	27466	351
tig00002322_arrow__	INT_Ogre	62.626	297	111	0	4847	5737	1	297	5.89e-129	400	14623	351
tig00002322_arrow__	INT_Ogre	62.626	297	111	0	4879	5769	1	297	8.66e-129	400	21132	351
tig00002322_arrow__	INT_Ogre	62.626	297	111	0	10981	11871	1	297	1.12e-128	400	27131	351
tig00002322_arrow__	INT_Ogre	62.626	297	111	0	10949	11839	1	297	8.43e-129	400	20613	351
tig00002322_arrow__	INT_Ogre	62.626	297	111	0	4702	5592	1	297	8.50e-129	400	20777	351
tig00002322_arrow__	INT_Ogre	62.626	297	111	0	4670	5560	1	297	5.73e-129	400	14260	351
tig00002322_arrow__	INT_Ogre	62.626	297	111	0	17263	18153	1	297	1.41e-128	400	33934	351
tig00002322_arrow__	INT_Ogre	62.626	297	111	0	10802	11692	1	297	1.11e-128	400	26772	351
tig00002322_arrow__	INT_Ogre	62.626	297	111	0	9102	9992	1	297	1.06e-128	400	25753	351
tig00002322_arrow__	INT_Ogre	62.626	297	111	0	4523	5413	1	297	8.35e-129	400	20419	351
tig00002322_arrow__	INT_Ogre	62.626	297	111	0	4491	5381	1	297	5.58e-129	400	13901	351
tig00002322_arrow__	INT_Ogre	62.626	297	111	0	10770	11660	1	297	8.28e-129	400	20255	351
tig00002322_arrow__	INT_Ogre	62.626	297	111	0	17263	18153	1	297	1.41e-128	400	33931	351
tig00002322_arrow__	INT_Ogre	62.626	297	111	0	4254	5144	1	297	5.40e-129	400	13486	351
tig00002322_arrow__	INT_Ogre	62.626	297	111	0	10623	11513	1	297	1.09e-128	400	26415	351
tig00002322_arrow__	INT_Ogre	62.626	297	111	0	4154	5044	1	297	5.28e-129	400	13203	351
tig00002322_arrow__	INT_Ogre	62.626	297	111	0	9100	9990	1	297	9.61e-129	400	23387	351
tig00002322_arrow__	INT_Ogre	62.626	297	111	0	4344	5234	1	297	8.20e-129	400	20062	351
tig00002322_arrow__	INT_Ogre	62.626	297	111	0	10591	11481	1	297	8.13e-129	400	19894	351
tig00002322_arrow__	INT_Ogre	62.626	297	111	0	10419	11309	1	297	7.98e-129	400	19546	351
tig00002322_arrow__	INT_Ogre	62.626	297	111	0	10445	11335	1	297	1.08e-128	400	26058	351
tig00002322_arrow__	INT_Ogre	62.626	297	111	0	9100	9990	1	297	1.06e-128	400	25768	351
tig00002322_arrow__	INT_Ogre	62.626	297	111	0	17261	18151	1	297	1.41e-128	400	33935	351
tig00002322_arrow__	INT_Ogre	62.626	297	111	0	10234	11124	1	297	7.83e-129	400	19183	351
tig00002322_arrow__	INT_Ogre	62.626	297	111	0	9100	9990	1	297	1.06e-128	400	25771	351
tig00002322_arrow__	INT_Ogre	62.626	297	111	0	10266	11156	1	297	1.06e-128	400	25700	351
tig00002322_arrow__	INT_Ogre	62.626	297	111	0	4007	4897	1	297	7.90e-129	400	19367	351
tig00002322_arrow__	INT_Ogre	62.626	297	111	0	3975	4865	1	297	5.13e-129	400	12850	351
tig00021141_arrow__	INT_Ogre	64.183	349	125	0	13347	14393	1	349	1.24e-163	500	20950	351
tig00021143_arrow__	INT_Diaspora	64.807	233	81	1	8910	9605	115	347	2.28e-122	323	12449	348
tig00021143_arrow__	INT_Diaspora	64.807	233	81	1	18022	18717	115	347	5.11e-122	323	28382	348
tig00021151_arrow__	INT_Ogre	66.286	350	118	0	11582	12631	1	350	2.51e-158	485	18062	351
tig00021153_arrow__	INT_Ogre	61.032	349	136	0	12105	13151	1	349	1.77e-155	477	20163	351
tig00021153_arrow__	INT_Ogre	61.032	349	136	0	18455	19501	1	349	2.89e-155	477	32475	351
tig00021153_arrow__	INT_Ogre	61.032	349	136	0	12561	13607	1	349	1.66e-155	477	19015	351
tig00021156_arrow__	INT_Ogre	65.143	350	122	0	11413	12462	1	350	4.36e-158	484	17612	351
tig00021175_arrow__	INT_Ogre	61.605	349	134	0	13258	14304	1	349	2.01e-156	479	20330	351
tig00021177_arrow__	INT_Ogre	65.385	234	81	0	6645	7346	116	349	2.54e-133	310	12160	351
tig00021179_arrow__	INT_Ogre	42.857	238	115	2	15597	16271	120	349	6.10e-93	187	22860	351
tig00021179_arrow__	INT_Ogre	42.857	238	115	2	16753	17427	120	349	5.91e-93	187	22148	351
tig00021182_arrow__	INT_Diaspora	55.908	347	145	3	5530	6546	1	347	5.34e-136	420	9431	348
tig00021183_arrow__	INT_Diaspora	56.017	241	99	2	5724	6425	1	241	6.13e-115	283	9630	348
tig00021184_arrow__	INT_Diaspora	56.017	241	99	2	5725	6426	1	241	6.13e-115	283	9631	348
tig00021197_arrow__	INT_Ogre	64.571	350	124	0	11681	12730	1	350	3.01e-157	482	18095	351
tig00021205_arrow__	INT_Ogre	59.292	226	92	0	13742	14419	116	341	2.76e-120	285	19933	351
tig00021205_arrow__	INT_Ogre	59.292	226	92	0	12098	12775	116	341	2.70e-120	285	19517	351
tig00021208_arrow__	INT_Ogre	63.897	349	126	0	17022	18068	1	349	5.53e-156	478	24236	351
tig00021213_arrow__	INT_Ogre	61.905	273	104	0	14189	15007	77	349	9.64e-126	358	20859	351
tig00021220_arrow__	INT_Ogre	68.282	227	72	0	11890	12570	1	227	1.08e-132	327	18649	351
tig00021223_arrow__	INT_Ogre	64.286	350	125	0	11423	12472	1	350	6.83e-156	478	16524	351
tig00021223_arrow__	INT_Ogre	64.286	350	125	0	10137	11186	1	350	6.85e-156	478	16578	351
tig00021225_arrow__	INT_Ogre	64.571	350	124	0	9881	10930	1	350	1.09e-156	480	16533	351
tig00021229_arrow__	INT_Ogre	63.714	350	127	0	11601	12650	1	350	3.41e-152	467	18049	351
tig00021236_arrow__	INT_Ogre	64.857	350	123	0	11870	12919	1	350	1.60e-157	483	18555	351
tig00021242_arrow__	INT_Ogre	63.714	350	127	0	11054	12103	1	350	1.06e-153	471	17429	351
tig00021261_arrow__	INT_Ogre	62.857	350	130	0	11525	12574	1	350	6.45e-148	455	17987	351
tig00021262_arrow__	INT_Ogre	64.286	350	125	0	11926	12975	1	350	2.01e-155	476	16934	351
tig00021264_arrow__	INT_Ogre	58.252	309	129	0	14030	14956	1	309	1.92e-123	385	20092	351
tig00021266_arrow__	INT_Ogre	63.037	349	129	0	5283	6329	1	349	5.80e-159	486	8186	351
tig00021266_arrow__	INT_Ogre	63.037	349	129	0	13096	14142	1	349	1.58e-158	486	20177	351
tig00021268_arrow__	INT_Ogre	60.058	343	137	0	9494	10522	7	349	2.55e-144	445	20588	351
tig00021268_arrow__	INT_Ogre	60.058	343	137	0	15534	16562	7	349	2.73e-144	445	21986	351
tig00021274_arrow__	INT_Ogre	66.026	312	106	0	12229	13164	39	350	4.58e-140	432	19038	351
tig00021282_arrow__	INT_Athila4-1	58.470	183	74	1	6024	6572	151	331	1.27e-100	199	8939	332
tig00021283_arrow__	INT_Ogre	24.868	189	134	4	7395	6832	33	214	1.82e-12	61.2	10744	351
tig00021284_arrow__	INT_Ogre	63.607	305	111	0	11907	12821	1	305	1.47e-131	408	18495	351
tig00021287_arrow__	INT_Ogre	64.000	350	126	0	11184	12233	1	350	1.12e-150	462	16661	351
tig00021294_arrow__	INT_Ogre	59.885	349	140	0	11027	12073	1	349	6.57e-148	455	18653	351
tig00021296_arrow__	INT_Ogre	63.037	349	129	0	13134	14180	1	349	2.85e-161	493	20781	351
tig00021297_arrow__	INT_Ogre	65.605	157	54	0	12032	12502	102	258	1.21e-108	214	17332	351
tig00021297_arrow__	INT_Ogre	65.605	157	54	0	4040	4510	102	258	1.41e-108	214	20417	351
tig00021297_arrow__	INT_Ogre	65.605	157	54	0	9519	9989	102	258	1.29e-108	214	18592	351
tig00021298_arrow__	INT_Ogre	45.126	277	144	3	14258	15076	65	337	1.11e-66	221	19821	351
tig00021300_arrow__	INT_Ogre	63.324	349	128	0	12296	13342	1	349	2.51e-152	468	19172	351
tig00021301_arrow__	INT_Ogre	62.706	303	113	0	9754	10662	48	350	3.61e-120	375	15680	351
tig00021302_arrow__	INT_Ogre	60.172	349	139	0	10159	11205	1	349	2.56e-151	464	16427	351
tig00021307_arrow__	INT_Ogre	63.897	349	126	0	13282	14328	1	349	1.24e-155	477	20578	351
tig00021309_arrow__	INT_Ogre	63.610	349	127	0	13249	14295	1	349	3.43e-154	473	20337	351
tig00021316_arrow__	INT_Ogre	64.286	350	125	0	12153	13202	1	350	3.36e-157	481	19170	351
tig00021318_arrow__	INT_Ogre	61.318	349	134	1	13199	14242	1	349	9.48e-144	443	20398	351
tig00021326_arrow__	INT_Ogre	60.857	350	137	0	11586	12635	1	350	2.11e-146	451	17232	351
tig00021330_arrow__	INT_Ogre	60.172	349	135	1	11813	12847	1	349	3.12e-144	444	20207	351
tig00021330_arrow__	INT_Ogre	60.172	349	135	1	13317	14351	1	349	2.91e-144	444	18920	351
tig00021330_arrow__	INT_Ogre	60.172	349	135	1	15628	16662	1	349	4.67e-144	444	29852	351
tig00021339_arrow__	INT_Ogre	66.000	350	119	0	11194	12243	1	350	7.30e-158	483	17318	351
tig00021340_arrow__	INT_Ogre	65.143	350	122	0	11544	12593	1	350	1.08e-158	486	17923	351
tig00021342_arrow__	INT_Ogre	64.000	350	123	1	11137	12177	1	350	1.56e-148	457	17299	351
tig00021345_arrow__	INT_Ogre	45.553	371	168	6	11619	12695	1	349	9.26e-106	334	22305	351
tig00021376_arrow__	INT_Diaspora	49.345	229	110	3	8069	8746	122	347	6.08e-85	191	11863	348
tig00021384_arrow__	INT_Ogre	61.318	349	135	0	12494	13540	1	349	2.16e-148	456	22479	351
tig00021385_arrow__	INT_Ogre	62.632	190	71	0	11581	12150	45	234	3.85e-116	260	19854	351
tig00021385_arrow__	INT_Ogre	62.632	190	71	0	16731	17300	45	234	6.36e-116	260	33248	351
tig00021392_arrow__	INT_Ogre	57.307	349	149	0	12323	13369	1	349	2.86e-132	410	19400	351
tig00021394_arrow__	INT_Ogre	67.616	281	91	0	11784	12626	69	349	1.65e-133	381	17958	351
tig00021399_arrow__	INT_Ogre	64.571	350	124	0	11518	12567	1	350	4.13e-163	499	28198	351
tig00021401_arrow__	INT_Ogre	64.571	350	124	0	11624	12673	1	350	3.09e-157	482	18027	351
tig00021420_arrow__	INT_Ogre	64.857	350	123	0	12047	13096	1	350	5.92e-159	486	18814	351
tig00021426_arrow__	INT_Ogre	65.652	230	79	0	12007	12696	121	350	1.97e-135	318	17497	351
tig00021433_arrow__	INT_Ogre	58.074	353	140	2	13362	14408	1	349	5.74e-142	438	20393	351
tig00021437_arrow__	INT_Ogre	62.178	349	132	0	13225	14271	1	349	2.02e-148	456	20283	351
tig00021441_arrow__	INT_Ogre	64.857	350	123	0	12011	13060	1	350	6.30e-159	486	19086	351
tig00021443_arrow__	INT_Ogre	64.286	350	125	0	12170	13219	1	350	4.50e-165	504	19259	351
tig00021443_arrow__	INT_Ogre	64.286	350	125	0	19559	20608	1	350	8.09e-165	504	34056	351
tig00021447_arrow__	INT_Ogre	62.609	345	129	0	11879	12913	1	345	1.49e-146	451	18394	351
tig00021450_arrow__	INT_Ogre	63.469	271	99	0	13163	13975	1	271	6.86e-126	392	20275	351
tig00062549_arrow__	INT_Ogre	51.034	290	124	2	14062	14904	69	349	8.80e-90	288	20189	351
tig00062549_arrow__	INT_Ogre	51.034	290	124	2	11977	12819	69	349	8.52e-90	288	19575	351
tig00062623_arrow__	INT_Ogre	65.429	350	121	0	10771	11820	1	350	8.37e-154	472	16954	351
tig00062625_arrow__	INT_Ogre	63.636	319	115	1	11298	12254	32	349	1.70e-135	419	18112	351
tig00062629_arrow__	INT_Ogre	64.857	350	123	0	11413	12462	1	350	6.44e-158	484	17496	351
tig00062629_arrow__	INT_Ogre	64.857	350	123	0	17803	18852	1	350	1.28e-157	484	34103	351
tig00062629_arrow__	INT_Ogre	64.857	350	123	0	19420	20469	1	350	1.05e-157	484	27974	351
tig00062631_arrow__	INT_Ogre	63.897	349	126	0	13270	14316	1	349	2.26e-155	476	19153	351
tig00062631_arrow__	INT_Ogre	63.897	349	126	0	11399	12445	1	349	2.19e-155	476	18576	351
tig00062634_arrow__	INT_Ogre	66.286	350	118	0	11388	12437	1	350	4.62e-157	481	17651	351
tig00062639_arrow__	INT_Ogre	62.701	311	116	0	14386	15318	39	349	1.60e-135	419	20977	351
tig00062639_arrow__	INT_Ogre	62.701	311	116	0	12299	13231	39	349	1.49e-135	419	19567	351
